0 0 1 0.5930979174 0.77596280613 -0.22251786943
0.0060531591536 0.007476553473 0.99742405898 0.60531591536 0.7476553473 -0.25759410173
0.012226441442 0.014673930487 0.99450366025 0.61732822881 0.71973770144 -0.2920398732
0.018517790019 0.021596029173 0.99124510841 0.62913485775 0.69220986855 -0.32585518385
0.024925148041 0.028246747659 0.98765470808 0.64073580217 0.66507184863 -0.35904003367
0.031446458662 0.034629984076 0.98373876385 0.65213106208 0.63832364167 -0.39159442267
0.038079665037 0.040749636553 0.97950358034 0.66332063748 0.61196524768 -0.42351835084
0.04482271032 0.046609603219 0.97495546216 0.67430452837 0.58599666666 -0.45481181818
0.051673537668 0.052213782205 0.97010071391 0.68508273474 0.56041789861 -0.4854748247
0.058630090234 0.057566071641 0.96494564021 0.69565525661 0.53522894352 -0.51550737039
0.065690311173 0.062670369655 0.95949654566 0.70602209396 0.5104298014 -0.54490945526
0.072852143641 0.067530574377 0.95375973486 0.71618324679 0.48602047224 -0.5736810793
0.080113530792 0.072150583938 0.94774151244 0.72613871512 0.46200095606 -0.60182224252
0.087472415782 0.076534296466 0.94144818299 0.73588849893 0.43837125284 -0.62933294491
0.094926741764 0.080685610092 0.93488605112 0.74543259824 0.41513136258 -0.65621318647
0.10247445189 0.084608422945 0.92806142145 0.75477101303 0.3922812853 -0.68246296721
0.11011348933 0.088306633155 0.92098059858 0.7639037433 0.36982102098 -0.70808228712
0.11784179722 0.091784138851 0.91364988712 0.77283078907 0.34775056963 -0.7330711462
0.12565731872 0.095044838163 0.90607559167 0.78155215032 0.32606993125 -0.75742954446
0.13355799699 0.098092629222 0.89826401685 0.79006782706 0.30477910583 -0.7811574819
0.14154177518 0.10093141016 0.89022146727 0.79837781929 0.28387809338 -0.8042549585
0.14960659645 0.10356507909 0.88195424753 0.80648212701 0.2633668939 -0.82672197428
0.15775040396 0.10599753417 0.87346866223 0.81438075021 0.24324550738 -0.84855852924
0.16597114085 0.10823267351 0.864771016 0.8220736889 0.22351393384 -0.86976462337
0.17426675028 0.11027439524 0.85586761343 0.82956094308 0.20417217325 -0.89034025667
0.1826351754 0.1121265975 0.84676475914 0.83684251275 0.18522022564 -0.91028542915
0.19107435938 0.11379317841 0.83746875773 0.8439183979 0.16665809099 -0.9296001408
0.19958224537 0.1152780361 0.82798591382 0.85078859855 0.14848576931 -0.94828439163
0.20815677652 0.1165850687 0.818322532 0.85745311468 0.1307032606 -0.96633818163
0.21679589598 0.11771817435 0.80848491689 0.8639119463 0.11331056486 -0.9837615108
0.22549754691 0.11868125117 0.7984793731 0.8701650934 0.096307682078 -1.0005543792
0.23425967247 0.1194781973 0.78831220524 0.876212556 0.079694612267 -1.0167167867
0.24308021581 0.12011291085 0.7779897179 0.88205433408 0.063471355423 -1.0322487334
0.25195712009 0.12058928997 0.76751821571 0.88769042765 0.047637911546 -1.0471502192
0.26088832846 0.12091123277 0.75690400327 0.89312083671 0.032194280637 -1.0614212443
0.26987178407 0.1210826374 0.74615338518 0.89834556125 0.017140462694 -1.0750618085
0.27890543008 0.12110740198 0.73527266606 0.90336460128 0.0024764577185 -1.0880719119
0.28798720965 0.12098942463 0.72426815052 0.90817795681 -0.01179773429 -1.1004515545
0.29711506593 0.1207326035 0.71314614316 0.91278562781 -0.025682113331 -1.1122007362
0.30628694207 0.12034083671 0.70191294858 0.91718761431 -0.039176679405 -1.1233194571
0.31550078123 0.11981802238 0.69057487141 0.92138391629 -0.052281432512 -1.1338077172
0.32475452657 0.11916805866 0.67913821625 0.92537453377 -0.064996372652 -1.1436655165
0.33404612124 0.11839484366 0.6676092877 0.92915946673 -0.077321499824 -1.1528928549
0.34337350839 0.11750227552 0.65599439037 0.93273871517 -0.08925681403 -1.1614897325
0.35273463118 0.11649425236 0.64429982888 0.93611227911 -0.10080231527 -1.1694561493
0.36212743277 0.11537467233 0.63253190783 0.93928015853 -0.11195800354 -1.1767921053
0.3715498563 0.11414743354 0.62069693182 0.94224235344 -0.12272387884 -1.1834976004
0.38099984494 0.11281643413 0.60880120548 0.94499886384 -0.13309994118 -1.1895726347
0.39047534184 0.11138557222 0.59685103339 0.94754968973 -0.14308619055 -1.1950172082
0.39997429015 0.10985874595 0.58485272019 0.9498948311 -0.15268262695 -1.1998313208
0.40949463303 0.10823985345 0.57281257046 0.95203428796 -0.16188925039 -1.2040149727
0.41903431363 0.10653279284 0.56073688882 0.95396806031 -0.17070606086 -1.2075681637
0.42859127511 0.10474146226 0.54863197988 0.95569614815 -0.17913305836 -1.2104908939
0.43816346063 0.10286975983 0.53650414825 0.95721855148 -0.18717024289 -1.2127831632
0.44774881333 0.10092158368 0.52435969853 0.95853527029 -0.19481761446 -1.2144449717
0.45734527638 0.098900831953 0.51220493534 0.95964630459 -0.20207517306 -1.2154763194
0.46695079292 0.096811402766 0.50004616328 0.96055165438 -0.20894291869 -1.2158772063
0.47656330612 0.094657194252 0.48788968695 0.96125131966 -0.21542085136 -1.2156476324
0.48618075912 0.092442104542 0.47574181098 0.96174530042 -0.22150897106 -1.2147875976
0.49580109509 0.090170031764 0.46360883996 0.96203359667 -0.22720727779 -1.213297102
0.50542225717 0.087844874048 0.4514970785 0.96211620841 -0.23251577155 -1.2111761455
0.51504218853 0.085470529525 0.43941283122 0.96199313564 -0.23743445235 -1.2084247283
0.52465883231 0.083050896323 0.42736240272 0.96166437836 -0.24196332018 -1.2050428502
0.53427013168 0.080589872573 0.4153520976 0.96112993656 -0.24610237504 -1.2010305113
0.54387402978 0.078091356403 0.40338822049 0.96038981025 -0.24985161694 -1.1963877116
0.55346846977 0.075559245945 0.39147707598 0.95944399943 -0.25321104587 -1.191114451
0.56305139482 0.072997439326 0.37962496868 0.9582925041 -0.25618066183 -1.1852107296
0.57262074806 0.070409834678 0.36783820321 0.95693532425 -0.25876046482 -1.1786765474
0.58217447266 0.06780033013 0.35612308416 0.9553724599 -0.26095045485 -1.1715119044
0.59171051177 0.065172823811 0.34448591616 0.95360391103 -0.26275063191 -1.1637168005
0.60122680854 0.062531213851 0.3329330038 0.95162967764 -0.264160996 -1.1552912358
0.61072130614 0.059879398379 0.3214706517 0.94944975975 -0.26518154713 -1.1462352103
0.62019194771 0.057221275526 0.31010516446 0.94706415734 -0.26581228529 -1.136548724
0.62963667642 0.054560743422 0.29884284669 0.94447287042 -0.26605321048 -1.1262317768
0.63905343541 0.051901700195 0.287690003 0.94167589899 -0.2659043227 -1.1152843688
0.64844016784 0.049248043975 0.276652938 0.93867324305 -0.26536562196 -1.1037065
0.65779481687 0.046603672892 0.2657379563 0.93546490259 -0.26443710825 -1.0914981704
0.66711532564 0.043972485077 0.2549513625 0.93205087763 -0.26311878157 -1.0786593799
0.67639963732 0.041358378657 0.24429946121 0.92843116815 -0.26141064193 -1.0651901286
0.68564569506 0.038765251764 0.23378855705 0.92460577415 -0.25931268932 -1.0510904165
0.69485144202 0.036197002527 0.22342495461 0.92057469565 -0.25682492374 -1.0363602435
0.70401482135 0.033657529075 0.21321495852 0.91633793263 -0.2539473452 -1.0209996097
0.7131337762 0.031150729538 0.20316487336 0.91189548511 -0.25067995368 -1.0050085151
0.72220624973 0.028680502046 0.19328100377 0.90724735306 -0.2470227492 -0.98838695972
0.73123018509 0.026250744728 0.18356965433 0.90239353651 -0.24297573176 -0.97113494347
0.74020352545 0.023865355715 0.17403712967 0.89733403545 -0.23853890134 -0.95325246639
0.74912421395 0.021528233135 0.16468973438 0.89206884987 -0.23371225796 -0.93473952849
0.75799019375 0.019243275119 0.15553377309 0.88659797978 -0.22849580161 -0.91559612976
0.766799408 0.017014379796 0.14657555038 0.88092142518 -0.2228895323 -0.8958222702
0.77554979986 0.014845445296 0.13782137089 0.87503918606 -0.21689345002 -0.87541794982
0.78423931248 0.012740369748 0.1292775392 0.86895126244 -0.21050755477 -0.85438316861
0.79286588902 0.010703051283 0.12095035993 0.8626576543 -0.20373184655 -0.83271792658
0.80142747264 0.0087373880292 0.1128461377 0.85615836165 -0.19656632537 -0.81042222372
0.80992200649 0.0068472781171 0.1049711771 0.84945338449 -0.18901099121 -0.78749606004
0.81834743371 0.0050366196761 0.097331782741 0.84254272281 -0.1810658441 -0.76393943553
0.82670169748 0.003309310836 0.089934259239 0.83542637662 -0.17273088401 -0.73975235019
0.83498274094 0.0016692497264 0.082784911199 0.82810434592 -0.16400611096 -0.71493480403
0.84318850725 0.00012033447703 0.075890043229 0.82057663071 -0.15489152494 -0.68948679704
0.85131693956 -0.0013335367825 0.069255959936 0.81284323099 -0.14538712595 -0.66340832922
0.85936598102 -0.0026884659225 0.062888965931 0.80490414675 -0.135492914 -0.63669940058
0.8673335748 -0.0039405548133 0.056795365819 0.796759378 -0.12520888908 -0.60936001112
0.87521766405 -0.0050859053252 0.050981464211 0.78840892474 -0.11453505119 -0.58139016082
0.88301619192 -0.0061206193285 0.045453565714 0.77985278697 -0.10347140033 -0.55278984971
0.89072710157 -0.0070407986936 0.040217974936 0.77109096468 -0.092017936512 -0.52355907776
0.89834833615 -0.0078425452909 0.035280996486 0.76212345789 -0.080174659723 -0.49369784499
0.90587783881 -0.0085219609905 0.030648934973 0.75295026658 -0.067941569966 -0.4632061514
0.91331355272 -0.009075147663 0.026328095003 0.74357139076 -0.055318667243 -0.43208399697
0.92065342102 -0.0094982071785 0.022324781186 0.73398683042 -0.042305951552 -0.40033138173
0.92789538688 -0.0097872414074 0.018645298129 0.72419658558 -0.028903422894 -0.36794830565
0.93503739344 -0.0099383522201 0.015295950441 0.71420065622 -0.015111081269 -0.33493476875
0.94207738387 -0.0099476414869 0.012283042731 0.70399904235 -0.0009289266767 -0.30129077103
0.94901330131 -0.009811211078 0.0096128796064 0.69359174396 0.013643040883 -0.26701631248
0.95584308892 -0.009525162864 0.0072917656754 0.68297876107 0.028604821409 -0.2321113931
0.96256468985 -0.0090855987149 0.0053260055464 0.67216009366 0.043956414903 -0.1965760129
0.96917604727 -0.0084886205013 0.0037219038278 0.66113574174 0.059697821363 -0.16041017187
0.97567510432 -0.0077303300934 0.0024857651277 0.64990570531 0.075829040791 -0.12361387001
0.98205980417 -0.0068068293615 0.0016238940544 0.63846998437 0.092350073186 -0.08618710733
0.98832808996 -0.005714220176 0.0011425952161 0.62682857891 0.10926091855 -0.048129883823
0.99447790485 -0.0044486044073 0.0010481732212 0.61498148894 0.12656157688 -0.0094421994905
1.0000380067 -0.0031335045825 0.0012943296441 0.60389186854 0.14283516871 0.026735456529
1.0059545039 -0.0015246591295 0.0019606703863 0.59164971797 0.16088454529 0.06663407422
1.0117503584 0.00026041726695 0.0030130478021 0.57958545075 0.17850763965 0.10523774158
1.0174260705 0.0022201821021 0.0044449304254 0.56757121094 0.19597648351 0.14318826233
1.0229821405 0.0043530928709 0.00624978679 0.55560699854 0.21329107688 0.18048563646
1.0284190686 0.0066576070686 0.0084210854298 0.54369281354 0.23045141976 0.21712986398
1.0337373552 0.0091321821901 0.010952294879 0.53182865594 0.24745751215 0.25312094489
1.0389375005 0.011775275731 0.01383688367 0.52001452575 0.26430935405 0.28845887918
1.0440200047 0.014585345185 0.017068320339 0.50825042296 0.28100694545 0.32314366686
1.0489853682 0.017560848049 0.020640073418 0.49653634758 0.29755028636 0.35717530793
1.0538340912 0.020700241816 0.024545611442 0.4848722996 0.31393937678 0.39055380238
1.058566674 0.024001983983 0.028778402944 0.47325827902 0.3301742167 0.42327915022
1.0631836168 0.027464532045 0.033331916459 0.46169428585 0.34625480613 0.45535135145
1.06768542 0.031086343495 0.03819962052 0.45018032009 0.36218114508 0.48677040607
1.0720725838 0.034865875831 0.04337498366 0.43871638172 0.37795323352 0.51753631407
1.0763456085 0.038801586545 0.048851474415 0.42730247077 0.39357107148 0.54764907546
1.0805049944 0.042891933135 0.054622561317 0.41593858721 0.40903465894 0.57710869024
1.0845512417 0.047135373094 0.060681712901 0.40462473106 0.42434399592 0.6059151584
1.0884848507 0.051530363918 0.067022397701 0.39336090232 0.4394990824 0.63406847995
1.0923063218 0.056075363102 0.07363808425 0.38214710098 0.45449991838 0.66156865489
1.096016155 0.060768828141 0.080522241082 0.37098332704 0.46934650388 0.68841568321
1.0996148508 0.065609216529 0.087668336731 0.35986958051 0.48403883888 0.71460956492
1.1031029094 0.070594985763 0.095069839731 0.34880586138 0.49857692339 0.74015030002
1.1064808311 0.075724593337 0.10272021862 0.33779216966 0.51296075741 0.76503788851
1.1097491162 0.080996496747 0.11061294192 0.32682850534 0.52719034093 0.78927233038
1.1129082649 0.086409153486 0.11874147818 0.31591486842 0.54126567397 0.81285362564
1.1159587775 0.091961021051 0.12709929592 0.30505125891 0.55518675651 0.83578177428
1.1189011542 0.097650556937 0.13567986368 0.29423767681 0.56895358856 0.85805677632
1.1217358955 0.10347621864 0.14447665 0.2834741221 0.58256617011 0.87967863174
1.1244635014 0.10943646365 0.15348312341 0.27276059481 0.59602450118 0.90064734054
1.1270844724 0.11552974947 0.16269275243 0.26209709491 0.60932858175 0.92096290274
1.1295993086 0.12175453359 0.17209900562 0.25148362242 0.62247841183 0.94062531832
1.1320085104 0.1281092735 0.18169535149 0.24092017734 0.63547399142 0.95963458729
1.1343125779 0.1345924267 0.19147525859 0.23040675966 0.64831532051 0.97799070964
1.1365120116 0.1412024507 0.20143219544 0.21994336938 0.66100239911 0.99569368538
1.1386073117 0.14793780297 0.21155963058 0.20953000651 0.67353522722 1.0127435145
1.1405989784 0.15479694102 0.22185103255 0.19916667104 0.68591380484 1.029140197
1.142487512 0.16177832234 0.23229986988 0.18885336298 0.69813813197 1.0448837329
1.1442734129 0.16888040442 0.24289961111 0.17859008232 0.7102082086 1.0599741222
1.1459571812 0.17610164477 0.25364372475 0.16837682906 0.72212403474 1.0744113649
1.1475393172 0.18344050087 0.26452567936 0.15821360321 0.73388561039 1.088195461
1.1490203212 0.19089543023 0.27553894347 0.14810040477 0.74549293555 1.1013264104
1.1504006936 0.19846489033 0.2866769856 0.13803723373 0.75694601021 1.1138042132
1.1516809345 0.20614733868 0.2979332743 0.12802409009 0.76824483438 1.1256288695
1.1528615442 0.21394123276 0.30930127809 0.11806097385 0.77938940806 1.1368003791
1.1539430231 0.22184503007 0.32077446551 0.10814788503 0.79037973125 1.1473187421
1.1549258713 0.22985718811 0.33234630509 0.0982848236 0.80121580395 1.1571839585
1.1558105892 0.23797616437 0.34401026537 0.08847178958 0.81189762615 1.1663960282
1.156597677 0.24620041635 0.35575981489 0.078708782963 0.82242519786 1.1749549514
1.1572876351 0.25452840154 0.36758842217 0.068995803751 0.83279851908 1.1828607279
1.1578809636 0.26295857744 0.37948955575 0.059332851944 0.8430175898 1.1901133579
1.1583781629 0.27148940154 0.39145668416 0.04971992754 0.85308241004 1.1967128412
1.1587797332 0.28011933133 0.40348327594 0.040157030541 0.86299297978 1.2026591779
1.1590861748 0.28884682433 0.41556279962 0.030644160946 0.87274929903 1.207952368
1.159297988 0.297670338 0.42768872373 0.021181318756 0.88235136778 1.2125924115
1.159415673 0.30658832986 0.43985451681 0.011768503969 0.89179918605 1.2165793083
1.1594397302 0.3155992574 0.4520536474 0.0024057165874 0.90109275382 1.2199130586
1.1593706597 0.32470157811 0.46427958402 -0.0069070433902 0.9102320711 1.2225936622
1.159208962 0.33389374949 0.47652579522 -0.016169775964 0.91921713789 1.2246211193
1.1589551372 0.34317422903 0.48878574951 -0.025382481133 0.92804795418 1.2259954297
1.1586096856 0.35254147423 0.50105291545 -0.034545158898 0.93672451999 1.2267165935
1.1581731075 0.36199394259 0.51332076155 -0.043657809258 0.9452468353 1.2267846107
1.1576459032 0.37153009159 0.52558275637 -0.052720432214 0.95361490011 1.2261994812
1.1570285729 0.38114837873 0.53783236842 -0.061733027766 0.96182871444 1.2249612052
1.1563216169 0.39084726151 0.55006306624 -0.070695595914 0.96988827827 1.2230697826
1.1555255356 0.40062519743 0.56226831838 -0.079608136657 0.97779359162 1.2205252133
1.1546408291 0.41048064398 0.57444159335 -0.088470649996 0.98554465446 1.2173274974
1.1536679977 0.42041205864 0.5865763597 -0.097283135931 0.99314146682 1.2134766349
1.1526075418 0.43041789893 0.59866608596 -0.10604559446 1.0005840287 1.2089726258
1.1514599615 0.44049662233 0.61070424066 -0.11475802559 1.0078723401 1.2038154701
1.1502257572 0.45064668634 0.62268429234 -0.12342042931 1.0150064009 1.1980051678
1.1489054291 0.46086654845 0.63459970953 -0.13203280563 1.0219862113 1.1915417188
1.1474994776 0.47115466617 0.64644396076 -0.14059515454 1.0288117712 1.1844251233
1.1460084028 0.48150949697 0.65821051457 -0.14910747605 1.0354830806 1.1766553811
1.1444327051 0.49192949837 0.66989283949 -0.15756977015 1.0420001395 1.1682324923
1.1427728848 0.50241312785 0.68148440406 -0.16598203685 1.048362948 1.1591564569
1.141029442 0.51295884291 0.69297867681 -0.17434427615 1.0545715059 1.1494272749
1.1392028771 0.52356510104 0.70436912627 -0.18265648804 1.0606258133 1.1390449463
1.1372936904 0.53423035974 0.71564922099 -0.19091867253 1.0665258703 1.1280094711
1.1353023821 0.54495307651 0.72681242948 -0.19913082961 1.0722716767 1.1163208492
1.1332294525 0.55573170883 0.73785222029 -0.20729295929 1.0778632327 1.1039790808
1.1310754019 0.56656471422 0.74876206194 -0.21540506157 1.0833005381 1.0909841657
1.1288407305 0.57745055015 0.75953542298 -0.22346713644 1.0885835931 1.077336104
1.1265259387 0.58838767412 0.77016577194 -0.2314791839 1.0937123976 1.0630348957
1.1241315267 0.59937454364 0.78064657735 -0.23944120397 1.0986869516 1.0480805408
1.1216579947 0.61040961619 0.79097130774 -0.24735319662 1.1035072551 1.0324730393
1.1191058431 0.62149134927 0.80113343165 -0.25521516188 1.1081733081 1.0162123911
1.1164755721 0.63261820038 0.81112641762 -0.26302709973 1.1126851106 0.9992985964
1.113767682 0.643788627 0.82094373417 -0.27078901017 1.1170426626 0.98173165503
1.110982673 0.65500108664 0.83057884984 -0.27850089321 1.1212459641 0.96351156706
1.1081210456 0.66625403679 0.84002523316 -0.28616274885 1.1252950152 0.94463833247
1.1051832998 0.67754593495 0.84927635267 -0.29377457708 1.1291898157 0.92511195126
1.102169936 0.68887523861 0.85832567691 -0.30133637791 1.1329303657 0.90493242345
1.0990814545 0.70024040526 0.8671666744 -0.30884815133 1.1365166653 0.88409974902
1.0959183555 0.71163989241 0.87579281368 -0.31630989735 1.1399487144 0.86261392798
1.0926811394 0.72307215753 0.88419756328 -0.32372161596 1.1432265129 0.84047496032
1.0893703063 0.73453565814 0.89237439174 -0.33108330717 1.146350061 0.81768284605
1.0859863566 0.74602885173 0.90031676759 -0.33839497098 1.1493193586 0.79423758517
1.0825297905 0.75755019579 0.90801815937 -0.34565660738 1.1521344057 0.77013917768
1.0790011083 0.76909814781 0.91547203561 -0.35286821638 1.1547952023 0.74538762357
1.0754008104 0.7806711653 0.92267186484 -0.36002979797 1.1573017484 0.71998292285
1.0717293968 0.79226770574 0.92961111559 -0.36714135216 1.159654044 0.69392507552
1.067987368 0.80388622663 0.93628325641 -0.37420287894 1.1618520892 0.66721408157
1.0641752243 0.81552518547 0.94268175582 -0.38121437833 1.1638958838 0.63984994101
1.0602934658 0.82718303974 0.94880008235 -0.3881758503 1.1657854279 0.61183265384
1.0563425928 0.83885824696 0.95463170456 -0.39508729487 1.1675207216 0.58316222006
1.0523231057 0.85054926461 0.96017009095 -0.40194871204 1.1691017647 0.55383863966
1.0482355047 0.86225455018 0.96540871008 -0.4087601018 1.1705285574 0.52386191265
1.04408029 0.87397256118 0.97034103047 -0.41552146416 1.1718010996 0.49323203902
1.039857962 0.88570175509 0.97496052066 -0.42223279912 1.1729193913 0.46194901878
1.035569021 0.89744058941 0.97926064918 -0.42889410667 1.1738834325 0.43001285193
1.0312139671 0.90918752165 0.98323488456 -0.43550538681 1.1746932231 0.39742353847
1.0267933007 0.92094100928 0.98687669534 -0.44206663955 1.1753487634 0.36418107839
1.0223075221 0.93269950981 0.99017955006 -0.44857786489 1.1758500531 0.3302854717
1.0177571314 0.94446148073 0.99313691725 -0.45503906283 1.1761970923 0.2957367184
1.0131426291 0.95622537954 0.99574226543 -0.46145023335 1.176389881 0.26053481848
1.0084645153 0.96798966374 0.99798906315 -0.46781137648 1.1764284192 0.22467977195
1.0037232904 0.97975279081 0.99987077894 -0.4741224922 1.176312707 0.18817157881
0.99891945461 0.99151321825 1.0013808813 -0.48038358052 1.1760427442 0.15101023906
0.99444383916 1.0023376348 1.0024509124 -0.48610400177 1.1756577965 0.11621784703
0.98952114914 1.0140885504 1.0032289324 -0.49226900188 1.1750915631 0.077802001065
0.9845373094 1.0258322612 1.0036162625 -0.49838397458 1.1743710791 0.038733008486
0.97949272536 1.0375677609 1.0036368248 -0.5044584032 1.1735499671 0.0020562261754
0.97438785939 1.0492937214 1.0032962692 -0.51048659775 1.1725960536 -0.034055559995
0.9692231738 1.0610088148 1.0026002457 -0.51646855822 1.1715093386 -0.069602350026
0.96399913096 1.072711713 1.0015544042 -0.52240428462 1.1702898221 -0.10458414392
0.95871619319 1.0844010881 1.0001643948 -0.52829377695 1.1689375041 -0.13900094167
0.95337482284 1.0960756119 0.99843586738 -0.5341370352 1.1674523845 -0.17285274328
0.94797548224 1.1077339565 0.99637447189 -0.53993405937 1.1658344634 -0.20613954875
0.94251863375 1.1193747939 0.99398585831 -0.54568484948 1.1640837409 -0.23886135808
0.93700473969 1.1309967961 0.9912756766 -0.55138940551 1.1622002168 -0.27101817127
0.93143426242 1.142598635 0.98824957672 -0.55704772746 1.1601838911 -0.30260998833
0.92580766426 1.1541789827 0.98491320862 -0.56265981534 1.158034764 -0.33363680924
0.92012540757 1.165736511 0.98127222228 -0.56822566915 1.1557528354 -0.36409863401
0.91438795468 1.1772698921 0.97733226766 -0.57374528888 1.1533381052 -0.39399546264
0.90859576794 1.1887777978 0.97309899471 -0.57921867454 1.1507905736 -0.42332729514
0.90274930968 1.2002589002 0.96857805339 -0.58464582612 1.1481102404 -0.45209413149
0.89684904224 1.2117118713 0.96377509367 -0.59002674363 1.1452971057 -0.4802959717
0.89089542797 1.223135383 0.95869576552 -0.59536142707 1.1423511695 -0.50793281578
0.88488892921 1.2345281073 0.95334571888 -0.60064987643 1.1392724318 -0.53500466371
0.87883000829 1.2458887162 0.94773060372 -0.60589209172 1.1360608925 -0.5615115155
0.87271912756 1.2572158817 0.94185607001 -0.61108807293 1.1327165518 -0.58745337116
0.86655674936 1.2685082758 0.93572776771 -0.61623782007 1.1292394095 -0.61283023067
0.86034333603 1.2797645705 0.92935134677 -0.62134133314 1.1256294657 -0.63764209405
0.85407934991 1.2909834377 0.92273245715 -0.62639861213 1.1218867204 -0.66188896128
0.84776525334 1.3021635494 0.91587674883 -0.63140965704 1.1180111736 -0.68557083237
0.84140150866 1.3133035777 0.90878987176 -0.63637446789 1.1140028253 -0.70868770733
0.83498857821 1.3244021944 0.90147747589 -0.64129304466 1.1098616755 -0.73123958614
0.82852692434 1.3354580717 0.89394521121 -0.64616538735 1.1055877241 -0.75322646882
0.82201700938 1.3464698814 0.88619872765 -0.65099149597 1.1011809712 -0.77464835536
0.81545929567 1.3574362955 0.87824367519 -0.65577137052 1.0966414169 -0.79550524575
0.80885424556 1.3683559862 0.87008570379 -0.66050501099 1.091969061 -0.81579714001
0.80220232139 1.3792276252 0.86173046341 -0.66519241739 1.0871639036 -0.83552403812
0.79550398549 1.3900498846 0.85318360401 -0.66983358971 1.0822259446 -0.8546859401
0.78875970021 1.4008214365 0.84445077555 -0.67442852796 1.0771551842 -0.87328284594
0.78196992789 1.4115409527 0.835537628 -0.67897723213 1.0719516222 -0.89131475563
0.77513513087 1.4222071053 0.8264498113 -0.68347970224 1.0666152588 -0.90878166919
0.76825577149 1.4328185662 0.81719297544 -0.68793593826 1.0611460938 -0.92568358661
0.76133231208 1.4433740075 0.80777277036 -0.69234594022 1.0555441273 -0.94202050789
0.754365215 1.4538721011 0.79819484603 -0.6967097081 1.0498093593 -0.95779243302
0.74735494258 1.464311519 0.78846485241 -0.7010272419 1.0439417898 -0.97299936202
0.74030195717 1.4746909332 0.77858843946 -0.70529854163 1.0379414187 -0.98764129488
0.73320672109 1.4850090156 0.76857125714 -0.70952360729 1.0318082462 -1.0017182316
0.72606969671 1.4952644384 0.75841895542 -0.71370243887 1.0255422721 -1.0152301722
0.71889134634 1.5054558733 0.74813718426 -0.71783503638 1.0191434966 -1.0281771166
0.71167213234 1.5155819925 0.73773159361 -0.72192139981 1.0126119195 -1.0405590649
0.70441251705 1.5256414679 0.72720783344 -0.72596152917 1.0059475409 -1.0523760171
0.69711296281 1.5356329715 0.71657155371 -0.72995542446 0.99915036075 -1.0636279731
0.68977393195 1.5455551753 0.70582840438 -0.73390308567 0.99222037911 -1.074314933
0.68239588682 1.5554067513 0.69498403541 -0.73780451281 0.98515759596 -1.0844368967
0.67497928976 1.5651863714 0.68404409677 -0.74165970587 0.9779620113 -1.0939938643
0.66752460312 1.5748927077 0.67301423841 -0.74546866486 0.97063362513 -1.1029858358
0.66003228922 1.584524432 0.6619001103 -0.74923138977 0.96317243744 -1.1114128111
0.65250281041 1.5940802165 0.65070736239 -0.75294788062 0.95557844823 -1.1192747903
0.64493662904 1.6035587331 0.63944164466 -0.75661813738 0.94785165751 -1.1265717733
0.63733420744 1.6129586537 0.62810860706 -0.76024216008 0.93999206528 -1.1333037602
0.62969600795 1.6222786505 0.61671389955 -0.76381994869 0.93199967153 -1.139470751
0.62202249292 1.6315173952 0.60526317209 -0.76735150324 0.92387447627 -1.1450727456
0.61431412468 1.64067356 0.59376207465 -0.77083682371 0.9156164795 -1.1501097441
0.60657136558 1.6497458168 0.58221625719 -0.7742759101 0.90722568121 -1.1545817464
0.59879467795 1.6587328376 0.57063136966 -0.77766876243 0.89870208141 -1.1584887526
0.59098452415 1.6676332944 0.55901306204 -0.78101538067 0.89004568009 -1.1618307627
0.5831413665 1.6764458592 0.54736698427 -0.78431576485 0.88125647726 -1.1646077766
0.57526566735 1.6851692039 0.53569878633 -0.78756991495 0.87233447291 -1.1668197944
0.56735788904 1.6938020006 0.52401411817 -0.79077783097 0.86327966705 -1.168466816
0.55941849391 1.7023429212 0.51231862975 -0.79393951292 0.85409205968 -1.1695488415
0.5514479443 1.7107906377 0.50061797104 -0.7970549608 0.84477165079 -1.1700658709
0.54344670256 1.7191438221 0.488917792 -0.80012417461 0.83531844039 -1.1700179041
0.53541523101 1.7274011464 0.47722374259 -0.80314715433 0.82573242847 -1.1694049412
0.52735399201 1.7355612826 0.46554147277 -0.80612389999 0.81601361504 -1.1682269821
0.5192634479 1.7436229026 0.4538766325 -0.80905441157 0.8061620001 -1.1664840269
0.51114406101 1.7515846784 0.44223487174 -0.81193868908 0.79617758364 -1.1641760756
0.50299629368 1.7594452821 0.43062184046 -0.81477673251 0.78606036567 -1.1613031281
0.49482060826 1.7672033855 0.41904318861 -0.81756854187 0.77581034618 -1.1578651845
0.48661746709 1.7748576608 0.40750456617 -0.82031411715 0.76542752518 -1.1538622448
0.47838733251 1.7824067798 0.39601162308 -0.82301345836 0.75491190267 -1.1492943089
0.47013066685 1.7898494146 0.38457000931 -0.8256665655 0.74426347864 -1.1441613768
0.46184793247 1.7971842371 0.37318537482 -0.82827343856 0.73348225309 -1.1384634487
0.45353959169 1.8044099194 0.36186336958 -0.83083407755 0.72256822604 -1.1322005243
0.44520610687 1.8115251333 0.35060964354 -0.83334848246 0.71152139747 -1.1253726039
0.43684794034 1.818528551 0.33942984667 -0.8358166533 0.70034176738 -1.1179796873
0.42846555443 1.8254188444 0.32832962892 -0.83823859006 0.68902933578 -1.1100217746
0.42005941151 1.8321946854 0.31731464027 -0.84061429275 0.67758410267 -1.1014988657
0.41162997389 1.8388547461 0.30639053066 -0.84294376137 0.66600606804 -1.0924109607
0.40317770393 1.8453976984 0.29556295006 -0.84522699591 0.6542952319 -1.0827580595
0.39470306397 1.8518222143 0.28483754844 -0.84746399638 0.64245159424 -1.0725401622
0.38620651634 1.8581269659 0.27421997575 -0.84965476278 0.63047515507 -1.0617572688
0.37768852339 1.864310625 0.26371588196 -0.8517992951 0.61836591439 -1.0504093792
0.36914954746 1.8703718638 0.25333091703 -0.85389759334 0.60612387219 -1.0384964935
0.36059005088 1.876309354 0.24307073091 -0.85594965752 0.59374902848 -1.0260186117
0.35201049601 1.8821217679 0.23294097357 -0.85795548761 0.58124138325 -1.0129757337
0.34341134517 1.8878077772 0.22294729498 -0.85991508364 0.56860093651 -0.99936785954
0.33479306071 1.8933660541 0.21309534508 -0.86182844559 0.55582768825 -0.98519498926
0.32615610498 1.8987952705 0.20339077386 -0.86369557346 0.54292163848 -0.97045712285
0.31750094031 1.9040940984 0.19383923125 -0.86551646726 0.5298827872 -0.9551542603
0.30882802904 1.9092612097 0.18444636724 -0.86729112699 0.5167111344 -0.93928640161
0.30013783351 1.9142952765 0.17521783177 -0.86901955264 0.50340668009 -0.92285354678
0.29143081607 1.9191949708 0.16615927481 -0.87070174422 0.48996942427 -0.90585569581
0.28270743905 1.9239589644 0.15727634632 -0.87233770173 0.47639936693 -0.8882928487
0.2739681648 1.9285859295 0.14857469627 -0.87392742516 0.46269650807 -0.87016500545
0.26521345565 1.933074538 0.14005997461 -0.87547091452 0.44886084771 -0.85147216606
0.25644377396 1.9374234619 0.1317378313 -0.8769681698 0.43489238582 -0.83221433053
0.24765958205 1.9416313731 0.12361391631 -0.87841919101 0.42079112243 -0.81239149886
0.23886134227 1.9456969437 0.1156938796 -0.87982397814 0.40655705752 -0.79200367105
0.23004951695 1.9496188456 0.10798337113 -0.8811825312 0.39219019109 -0.7710508471
0.22122456845 1.9533957508 0.10048804086 -0.88249485019 0.37769052315 -0.74953302701
0.2123869591 1.9570263313 0.093213538755 -0.8837609351 0.3630580537 -0.72745021078
0.20353715124 1.9605092592 0.086165514771 -0.88498078593 0.34829278273 -0.70480239841
0.19467560721 1.9638432063 0.079349618872 -0.8861544027 0.33339471025 -0.6815895899
0.18580278936 1.9670268446 0.07277150102 -0.88728178539 0.31836383626 -0.65781178526
0.17691916002 1.9700588462 0.066436811175 -0.888362934 0.30320016075 -0.63346898447
0.16802518153 1.9729378831 0.0603511993 -0.88939784854 0.28790368373 -0.60856118754
0.15912131624 1.9756626271 0.054520315355 -0.89038652901 0.27247440519 -0.58308839447
0.15020802649 1.9782317504 0.048949809302 -0.8913289754 0.25691232514 -0.55705060526
0.14128577461 1.9806439248 0.043645331103 -0.89222518772 0.24121744357 -0.53044781992
0.13235502295 1.9828978224 0.038612530719 -0.89307516597 0.22538976049 -0.50328003843
0.12341623385 1.9849921152 0.033857058111 -0.89387891014 0.2094292759 -0.4755472608
0.11446986965 1.9869254751 0.02938456324 -0.89463642023 0.19333598979 -0.44724948704
0.10551639269 1.9886965741 0.025200696069 -0.89534769626 0.17710990217 -0.41838671713
0.096556265305 1.9903040842 0.021311106558 -0.8960127382 0.16075101303 -0.38895895108
0.087589949845 1.9917466774 0.017721444669 -0.89663154608 0.14425932238 -0.3589661889
0.078617908646 1.9930230258 0.014437360364 -0.89720411988 0.12763483022 -0.32840843057
0.06964060405 1.9941318011 0.011464503603 -0.8977304596 0.11087753654 -0.29728567611
0.060658498397 1.9950716755 0.0088085243475 -0.89821056525 0.093987441346 -0.2655979255
0.051672054029 1.995841321 0.00647507256 -0.89864443683 0.07696454464 -0.23334517875
0.042681733286 1.9964394094 0.0044697982013 -0.89903207433 0.059808846419 -0.20052743587
0.033687998508 1.9968646129 0.0027983512328 -0.89937347776 0.042520346683 -0.16714469684
0.024691312037 1.9971156034 0.001466381616 -0.89966864712 0.025099045434 -0.13319696168
0.015692136213 1.9971910528 0.00047953931229 -0.8999175824 0.007544942671 -0.098684230375
0.0066909333768 1.9970896332 -0.00015652571702 -0.9001202836 -0.010141961606 -0.063606502931
-0.0023118341306 1.9968100165 -0.00043616351049 -0.90027675074 -0.027961667398 -0.027963779347
-0.0077805669488 1.9965740398 -0.00047284161615 -0.90034921904 -0.038850209334 -0.0060385293799
-0.016784880643 1.996005206 -0.00016771791884 -0.90043136946 -0.056883380452 0.030512369731
-0.025789553502 1.9952547125 0.00050856473098 -0.90046728581 -0.075049353083 0.067628264982
-0.034794123182 1.9943212312 0.0015616562947 -0.90045696809 -0.093348127229 0.10530915637
-0.043797959375 1.9932136779 0.0029577599166 -0.90038361923 -0.11075532992 0.13961036219
-0.052800551746 1.9919336514 0.004691255039 -0.90025923714 -0.12800265613 0.17334951224
-0.061801389964 1.9904827503 0.006756521104 -0.90008382182 -0.14509010587 0.2065266065
-0.070799963697 1.9888625735 0.0091479375539 -0.89985737327 -0.16201767913 0.23914164499
-0.079795762612 1.9870747197 0.011859883831 -0.89957989149 -0.17878537591 0.2711946277
-0.088788276377 1.9851207878 0.014886739377 -0.89925137647 -0.19539319621 0.30268555463
-0.097776994659 1.9830023764 0.018222883635 -0.89887182822 -0.21184114004 0.33361442579
-0.10676140713 1.9807210843 0.021862696047 -0.89844124674 -0.22812920739 0.36398124117
-0.11574100345 1.9782785103 0.025800556055 -0.89795963203 -0.24425739826 0.39378600077
-0.12471527329 1.9756762532 0.0300308431 -0.89742698408 -0.26022571265 0.42302870459
-0.13368370632 1.9729159117 0.034547936627 -0.8968433029 -0.27603415057 0.45170935264
-0.1426457922 1.9699990846 0.039346216076 -0.89620858849 -0.29168271201 0.47982794491
-0.15160102061 1.9669273706 0.04442006089 -0.89552284084 -0.30717139697 0.5073844814
-0.16054888121 1.9637023686 0.049763850511 -0.89478605997 -0.32250020546 0.53437896212
-0.16948886367 1.9603256772 0.055371964382 -0.89399824586 -0.33766913747 0.56081138705
-0.17842045765 1.9567988952 0.061238781944 -0.89315939852 -0.352678193 0.58668175621
-0.18734315283 1.9531236215 0.06735868264 -0.89226951794 -0.36752737205 0.6119900696
-0.19625643887 1.9493014548 0.073726045912 -0.89132860414 -0.38221667463 0.6367363272
-0.20515980544 1.9453339938 0.080335251202 -0.8903366571 -0.39674610073 0.66092052903
-0.21405274221 1.9412228373 0.087180677953 -0.88929367683 -0.41111565035 0.68454267508
-0.22293473885 1.936969584 0.094256705606 -0.88819966332 -0.4253253235 0.70760276535
-0.23180528501 1.9325758328 0.1015577136 -0.88705461659 -0.43937512017 0.73010079985
-0.24066387038 1.9280431824 0.10907808139 -0.88585853662 -0.45326504036 0.75203677856
-0.24950998461 1.9233732316 0.11681218841 -0.88461142342 -0.46699508407 0.77341070151
-0.25834311738 1.9185675791 0.12475441409 -0.88331327698 -0.48056525131 0.79422256867
-0.26716275836 1.9136278237 0.13289913789 -0.88196409732 -0.49397554207 0.81447238005
-0.2759683972 1.9085555641 0.14124073925 -0.88056388442 -0.50722595635 0.83416013566
-0.28475952358 1.9033523991 0.1497735976 -0.87911263829 -0.52031649415 0.85328583549
-0.29353562717 1.8980199276 0.1584920924 -0.87761035893 -0.53324715548 0.87184947955
-0.30229619764 1.8925597482 0.16739060308 -0.87605704633 -0.54601794033 0.88985106782
-0.31104072464 1.8869734597 0.17646350908 -0.8744527005 -0.5586288487 0.90729060032
-0.31976869785 1.8812626609 0.18570518985 -0.87279732144 -0.5710798806 0.92416807705
-0.32847960695 1.8754289505 0.19511002483 -0.87109090915 -0.58337103602 0.94048349799
-0.33717294158 1.8694739274 0.20467239346 -0.86933346362 -0.59550231496 0.95623686316
-0.34584819143 1.8633991902 0.21438667519 -0.86752498487 -0.60747371742 0.97142817255
-0.35450484616 1.8572063378 0.22424724945 -0.86566547288 -0.61928524341 0.98605742616
-0.36314239544 1.8508969688 0.23424849569 -0.86375492765 -0.63093689292 1.000124624
-0.37176032893 1.8444726822 0.24438479335 -0.8617933492 -0.64242866595 1.0136297661
-0.3803581363 1.8379350766 0.25465052187 -0.85978073751 -0.65376056251 1.0265728523
-0.38893530723 1.8312857507 0.2650400607 -0.85771709259 -0.66493258258 1.0389538828
-0.39749133137 1.8245263035 0.27554778928 -0.85560241444 -0.67594472618 1.0507728576
-0.4060256984 1.8176583335 0.28616808704 -0.85343670305 -0.68679699331 1.0620297765
-0.41453789799 1.8106834397 0.29689533344 -0.85121995844 -0.69748938395 1.0727246397
-0.42302741979 1.8036032207 0.30772390791 -0.84895218059 -0.70802189812 1.0828574471
-0.43149375349 1.7964192754 0.3186481899 -0.8466333695 -0.71839453581 1.0924281987
-0.43993638874 1.7891332024 0.32966255884 -0.84426352519 -0.72860729703 1.1014368945
-0.44835481522 1.7817466006 0.34076139419 -0.84184264764 -0.73866018176 1.1098835346
-0.45674852259 1.7742610687 0.35193907538 -0.83937073686 -0.74855319002 1.1177681189
-0.46511700052 1.7666782055 0.36318998185 -0.83684779285 -0.75828632181 1.1250906474
-0.47345973867 1.7589996097 0.37450849305 -0.83427381561 -0.76785957711 1.1318511201
-0.48177622672 1.7512268801 0.38588898842 -0.83164880513 -0.77727295594 1.1380495371
-0.49006595434 1.7433616155 0.3973258474 -0.82897276142 -0.78652645829 1.1436858982
-0.49832841118 1.7354054147 0.40881344944 -0.82624568448 -0.79562008416 1.1487602036
-0.50656308692 1.7273598764 0.42034617397 -0.82346757431 -0.80455383356 1.1532724532
-0.51476947123 1.7192265993 0.43191840044 -0.8206384309 -0.81332770648 1.1572226471
-0.52294705378 1.7110071823 0.4435245083 -0.81775825426 -0.82194170292 1.1606107852
-0.53109532422 1.702703224 0.45515887697 -0.81482704439 -0.83039582289 1.1634368674
-0.53921377223 1.6943163234 0.46681588591 -0.81184480128 -0.83869006637 1.165700894
-0.54730188748 1.685848079 0.47848991456 -0.80881152495 -0.84682443338 1.1674028647
-0.55535915964 1.6773000898 0.49017534235 -0.80572721538 -0.85479892392 1.1685427796
-0.56338507836 1.6686739544 0.50186654874 -0.80259187258 -0.86261353797 1.1691206388
-0.57137913333 1.6599712717 0.51355791316 -0.79940549654 -0.87026827555 1.1691364422
-0.5793408142 1.6511936403 0.52524381506 -0.79616808728 -0.87776313665 1.1685901898
-0.58726961065 1.6423426591 0.53691863388 -0.79287964478 -0.88509812128 1.1674818817
-0.59516501234 1.6334199268 0.54857674906 -0.78954016905 -0.89227322942 1.1658115178
-0.60302650894 1.6244270422 0.56021254004 -0.78614966008 -0.89928846109 1.163579098
-0.61085359012 1.615365604 0.57182038626 -0.78270811789 -0.90614381629 1.1607846226
-0.61864574554 1.6062372111 0.58339466718 -0.77921554246 -0.912839295 1.1574280913
-0.62640246488 1.5970434621 0.59492976222 -0.7756719338 -0.91937489724 1.1535095043
-0.6341232378 1.5877859559 0.60642005083 -0.77207729191 -0.925750623 1.1490288614
-0.64180755397 1.5784662912 0.61785991246 -0.76843161678 -0.93196647228 1.1439861628
-0.64945490305 1.5690860667 0.62924372655 -0.76473490842 -0.93802244509 1.1383814085
-0.65706477472 1.5596468813 0.64056587253 -0.76098716683 -0.94391854142 1.1322145983
-0.66463665864 1.5501503337 0.65182072985 -0.75718839201 -0.94965476127 1.1254857324
-0.67217004448 1.5405980226 0.66300267796 -0.75333858395 -0.95523110464 1.1181948107
-0.67966442191 1.5309915469 0.67410609629 -0.74943774267 -0.96064757154 1.1103418332
-0.68711928059 1.5213325053 0.68512536429 -0.74548586814 -0.96590416196 1.1019267999
-0.69453411019 1.5116224965 0.6960548614 -0.74148296039 -0.9710008759 1.0929497109
-0.70190840039 1.5018631194 0.70688896706 -0.73742901941 -0.97593771337 1.0834105661
-0.70924164084 1.4920559727 0.71762206072 -0.73332404519 -0.98071467436 1.0733093655
-0.71653332122 1.4822026551 0.72824852181 -0.72916803774 -0.98533175887 1.0626461091
-0.72378293119 1.4723047654 0.73876272978 -0.72496099706 -0.9897889669 1.051420797
-0.73098996042 1.4623639024 0.74915906407 -0.72070292314 -0.99408629846 1.0396334291
-0.73815389858 1.4523816649 0.75943190412 -0.71639381599 -0.99822375354 1.0272840054
-0.74527423533 1.4423596516 0.76957562938 -0.71203367561 -1.0022013321 1.0143725259
-0.75235046035 1.4322994612 0.77958461929 -0.707622502 -1.0060190343 1.0008989906
-0.7593820633 1.4222026926 0.78945325328 -0.70316029516 -1.0096768599 0.98686339958
-0.76636853386 1.4120709445 0.79917591081 -0.69864705508 -1.0131748091 0.97226575277
-0.77330936167 1.4019058157 0.80874697131 -0.69408278177 -1.0165128818 0.95710605018
-0.78020403643 1.3917089049 0.81816081423 -0.68946747523 -1.019691078 0.94138429182
-0.78705204778 1.3814818109 0.82741181901 -0.68480113545 -1.0227093977 0.92510047767
-0.7938528854 1.3712261325 0.83649436508 -0.68008376245 -1.025567841 0.90825460775
-0.80060603897 1.3609434685 0.8454028319 -0.67531535621 -1.0282664078 0.89084668205
-0.80731099813 1.3506354175 0.85413159891 -0.67049591674 -1.0308050981 0.87287670058
-0.81396725257 1.3403035784 0.86267504554 -0.66562544403 -1.0331839119 0.85434466333
-0.82057429196 1.3299495499 0.87102755125 -0.66070393809 -1.0354028493 0.8352505703
-0.82713160594 1.3195749308 0.87918349546 -0.65573139892 -1.0374619101 0.81559442149
-0.83363868421 1.3091813198 0.88713725763 -0.65070782652 -1.0393610945 0.7953762169
-0.84009501642 1.2987703158 0.8948832172 -0.64563322089 -1.0411004025 0.77459595654
-0.84650009224 1.2883435175 0.9024157536 -0.64050758202 -1.0426798339 0.7532536404
-0.85285340134 1.2779025236 0.90972924628 -0.63533090992 -1.0440993889 0.73134926848
-0.85915443338 1.2674489329 0.91681807469 -0.63010320459 -1.0453590674 0.70888284079
-0.86540267804 1.2569843442 0.92367661827 -0.62482446603 -1.0464588694 0.68585435732
-0.87159762499 1.2465103563 0.93029925645 -0.61949469423 -1.0473987949 0.66226381807
-0.87773876388 1.2360285678 0.93668036868 -0.6141138892 -1.048178844 0.63811122304
-0.88382558439 1.2255405776 0.9428143344 -0.60868205094 -1.0487990165 0.61339657224
-0.88985757618 1.2150479845 0.94869553306 -0.60319917945 -1.0492593126 0.58811986566
-0.89583422893 1.2045523872 0.95431834409 -0.59766527472 -1.0495597323 0.5622811033
-0.9017550323 1.1940553844 0.95967714694 -0.59208033676 -1.0497002754 0.53588028516
-0.90761947595 1.183558575 0.96476632105 -0.58644436557 -1.0496809421 0.50891741125
-0.91342704956 1.1730635577 0.96958024587 -0.58075736115 -1.0495017323 0.48139248156
-0.9191772428 1.1625719312 0.97411330083 -0.57501932349 -1.049162646 0.45330549609
-0.92486954533 1.1520852944 0.97835986538 -0.56923025261 -1.0486636832 0.42465645484
-0.93050344681 1.141605246 0.98231431896 -0.56339014848 -1.048004844 0.39544535782
-0.93607843692 1.1311333847 0.98597104101 -0.55749901113 -1.0471861283 0.36567220502
-0.94159400533 1.1206713093 0.98932441097 -0.55155684055 -1.0462075361 0.33533699644
-0.94704964169 1.1102206187 0.99236880829 -0.54556363673 -1.0450690674 0.30443973209
-0.95244483569 1.0997829114 0.99509861241 -0.53951939968 -1.0437707223 0.27298041196
-0.95777907699 1.0893597864 0.99750820277 -0.53342412939 -1.0423125007 0.24095903605
-0.96305185524 1.0789528424 0.99959195881 -0.52727782588 -1.0406944026 0.20837560436
-0.96826266014 1.0685636781 1.00134426 -0.52108048913 -1.038916428 0.17523011689
-0.97341098133 1.0581938923 1.0027594857 -0.51483211915 -1.0369785769 0.14152257365
-0.97849630849 1.0478450839 1.0038320155 -0.50853271594 -1.0348808494 0.10725297463
-0.98351813128 1.0375188514 1.0045562287 -0.50218227949 -1.0326232454 0.072421319835
-0.98847593938 1.0272167938 1.0049265048 -0.49578080982 -1.0302057649 0.037027609261
-0.99336922245 1.0169405097 1.0049372232 -0.48932830691 -1.0276284079 0.0010718429098
-0.99819747016 1.0066915979 1.0045827634 -0.48282477076 -1.0248911745 -0.035445979219
-1.0029601722 0.99647165728 1.0038575048 -0.47627020139 -1.0219940646 -0.072525857125
-1.00582871 0.99027521464 1.0032785141 -0.47226403463 -1.0201563095 -0.095322601096
-1.0104849844 0.9801051925 1.0019454548 -0.46562743437 -1.017002214 -0.13330592819
-1.0150743824 0.96996831009 1.0002269417 -0.45893980088 -1.0136882419 -0.17185131105
-1.0195963937 0.95986616615 0.99811735422 -0.45220113415 -1.0102143934 -0.2109587497
-1.0240505081 0.94980035947 0.99561107178 -0.4454114342 -1.0065806684 -0.25062824412
-1.0284370028 0.93976520618 0.99275639454 -0.43864947736 -1.0035153286 -0.28546772393
-1.0327555428 0.9297606867 0.98955968432 -0.43185399315 -1.0004519484 -0.31967102165
-1.0370057926 0.91978678142 0.98602730295 -0.42502498156 -0.99739052759 -0.35323813728
-1.041187417 0.90984347076 0.98216561224 -0.4181624426 -0.99433106626 -0.38616907083
-1.0453000808 0.89993073512 0.97798097402 -0.41126637625 -0.99127356441 -0.41846382228
-1.0493434486 0.89004855489 0.9734797501 -0.40433678254 -0.98821802203 -0.45012239165
-1.0533171852 0.8801969105 0.96866830231 -0.39737366144 -0.98516443911 -0.48114477894
-1.0572209553 0.87037578235 0.96355299247 -0.39037701297 -0.98211281566 -0.51153098413
-1.0610544237 0.86058515083 0.9581401824 -0.38334683713 -0.97906315168 -0.54128100724
-1.0648172551 0.85082499636 0.95243623392 -0.3762831339 -0.97601544717 -0.57039484826
-1.0685091141 0.84109529934 0.94644750884 -0.3691859033 -0.97296970213 -0.59887250719
-1.0721296655 0.83139604017 0.940180369 -0.36205514533 -0.96992591655 -0.62671398403
-1.0756785741 0.82172719927 0.93364117622 -0.35489085998 -0.96688409045 -0.65391927879
-1.0791555046 0.81208875703 0.9268362923 -0.34769304725 -0.96384422381 -0.68048839145
-1.0825601217 0.80248069386 0.91977207908 -0.34046170714 -0.96080631664 -0.70642132203
-1.0858920901 0.79290299017 0.91245489838 -0.33319683966 -0.95777036895 -0.73171807053
-1.0891510745 0.78335562637 0.90489111201 -0.32589844481 -0.95473638071 -0.75637863693
-1.0923367398 0.77383858285 0.89708708179 -0.31856652257 -0.95170435195 -0.78040302125
-1.0954487505 0.76435184002 0.88904916956 -0.31120107296 -0.94867428266 -0.80379122348
-1.0984867714 0.75489537829 0.88078373712 -0.30380209598 -0.94564617283 -0.82654324362
-1.1014504674 0.74546917807 0.87229714631 -0.29636959161 -0.94262002248 -0.84865908168
-1.104339503 0.73607321975 0.86359575893 -0.28890355987 -0.93959583159 -0.87013873764
-1.107153543 0.72670748375 0.85468593682 -0.28140400076 -0.93657360017 -0.89098221152
-1.1098922521 0.71737195047 0.84557404178 -0.27387091427 -0.93355332822 -0.91118950331
-1.1125552951 0.70806660031 0.83626643565 -0.2663043004 -0.93053501574 -0.93076061302
-1.1151423367 0.69879141368 0.82676948025 -0.25870415916 -0.92751866273 -0.94969554063
-1.1176530416 0.68954637099 0.81708953738 -0.25107049054 -0.92450426918 -0.96799428616
-1.1200870746 0.68033145264 0.80723296889 -0.24340329454 -0.92149183511 -0.9856568496
-1.1224441003 0.67114663903 0.79720613658 -0.23570257117 -0.9184813605 -1.002683231
-1.1247237835 0.66199191058 0.78701540228 -0.22796832042 -0.91547284536 -1.0190734302
-1.1269257889 0.65286724768 0.7766671278 -0.22020054229 -0.91246628969 -1.0348274474
-1.1290497813 0.64377263075 0.76616767498 -0.21239923679 -0.90946169349 -1.0499452825
-1.1310954253 0.63470804018 0.75552340562 -0.20456440391 -0.90645905676 -1.0644269355
-1.1330623857 0.62567345639 0.74474068156 -0.19669604366 -0.90345837949 -1.0782724064
-1.1349503273 0.61666885977 0.73382586461 -0.18879415603 -0.9004596617 -1.0914816952
-1.1367589147 0.60769423074 0.72278531659 -0.18085874102 -0.89746290337 -1.104054802
-1.1384878127 0.59874954969 0.71162539932 -0.17288979864 -0.89446810451 -1.1159917266
-1.140136686 0.58983479704 0.70035247463 -0.16488732888 -0.89147526512 -1.1272924692
-1.1417051993 0.58094995319 0.68897290433 -0.15685133174 -0.8884843852 -1.1379570297
-1.1431930174 0.57209499854 0.67749305025 -0.14878180723 -0.88549546475 -1.1479854081
-1.1445998049 0.5632699135 0.66591927421 -0.14067875534 -0.88250850376 -1.1573776044
-1.1459252267 0.55447467848 0.65425793802 -0.13254217607 -0.87952350225 -1.1661336186
-1.1471689474 0.54570927388 0.64251540351 -0.12437206943 -0.8765404602 -1.1742534507
-1.1483306317 0.5369736801 0.63069803251 -0.11616843541 -0.87355937762 -1.1817371007
-1.1494099445 0.52826787756 0.61881218682 -0.10793127402 -0.87058025451 -1.1885845687
-1.1504065503 0.51959184665 0.60686422827 -0.09966058525 -0.86760309087 -1.1947958546
-1.151320114 0.51094556778 0.59486051869 -0.091356369103 -0.8646278867 -1.2003709583
-1.1521503003 0.50232902136 0.58280741989 -0.08301862558 -0.861654642 -1.20530988
-1.1528967738 0.49374218779 0.5707112937 -0.074647354681 -0.85868335676 -1.2096126196
-1.1535591994 0.48518504748 0.55857850192 -0.066242556405 -0.85571403099 -1.2132791771
-1.1541372417 0.47665758084 0.5464154064 -0.057804230753 -0.8527466647 -1.2163095526
-1.1546305655 0.46815976826 0.53422836894 -0.049332377725 -0.84978125787 -1.2187037459
-1.1550388354 0.45969159015 0.52202375137 -0.04082699732 -0.84681781051 -1.2204617571
-1.1553617163 0.45125302693 0.50980791551 -0.032288089539 -0.84385632261 -1.2215835863
-1.1555988729 0.44284405898 0.49758722317 -0.023715654382 -0.84089679419 -1.2220692334
-1.1557499698 0.43446466673 0.48536803619 -0.015109691849 -0.83793922524 -1.2219186984
-1.1558146718 0.42611483058 0.47315671638 -0.0064702019388 -0.83498361575 -1.2211319813
-1.1557926437 0.41779453092 0.46095962555 0.0022028153474 -0.83202996573 -1.2197090821
-1.1556835501 0.40950374817 0.44878312555 0.01090936001 -0.82907827518 -1.2176500008
-1.1554870558 0.40124246272 0.43663357817 0.019649432049 -0.8261285441 -1.2149547374
-1.1552028254 0.393010655 0.42451734525 0.028423031464 -0.82318077249 -1.211623292
-1.1548305239 0.3848083054 0.41244078861 0.037230158255 -0.82023496035 -1.2076556644
-1.1543698157 0.37663539432 0.40041027006 0.046070812423 -0.81729110767 -1.2030518548
-1.1538203658 0.36849190218 0.38843215143 0.054944993967 -0.81434921447 -1.1978118631
-1.1531818388 0.36037780937 0.37651279454 0.063852702888 -0.81140928073 -1.1919356893
-1.1524538994 0.3522930963 0.3646585612 0.072793939184 -0.80847130646 -1.1854233334
-1.1516362123 0.34423774339 0.35287581325 0.081768702857 -0.80553529166 -1.1782747954
-1.1507284424 0.33621173102 0.34117091249 0.090776993907 -0.80260123633 -1.1704900754
-1.1497302543 0.32821503962 0.32955022076 0.099818812332 -0.79966914047 -1.1620691732
-1.1486413127 0.32024764958 0.31802009987 0.10889415813 -0.79673900407 -1.153012089
-1.1474612824 0.31230954131 0.30658691165 0.11800303131 -0.79381082715 -1.1433188226
-1.1461898281 0.30440069521 0.2952570179 0.12714543187 -0.79088460969 -1.1329893742
-1.1448266145 0.29652109169 0.28403678047 0.1363213598 -0.7879603517 -1.1220237437
-1.1433713063 0.28867071116 0.27293256116 0.14553081511 -0.78503805318 -1.1104219311
-1.1418235683 0.28084953402 0.26195072179 0.15477379779 -0.78211771413 -1.0981839364
-1.1401830653 0.27305754067 0.25109762419 0.16405030785 -0.77919933455 -1.0853097597
-1.1384494618 0.26529471153 0.24037963019 0.17336034529 -0.77628291443 -1.0717994008
-1.1366224227 0.25756102699 0.22980310159 0.1827039101 -0.77336845379 -1.0576528599
-1.1347016127 0.24985646747 0.21937440022 0.19208100229 -0.77045595261 -1.0428701369
-1.1326866965 0.24218101336 0.2090998879 0.20149162185 -0.7675454109 -1.0274512317
-1.1305773388 0.23453464507 0.19898592646 0.21093576879 -0.76463682866 -1.0113961445
-1.1283732043 0.22691734301 0.1890388777 0.22041344311 -0.76173020589 -0.99470487524
-1.1260739579 0.21932908758 0.17926510346 0.22992464481 -0.75882554259 -0.97737742386
-1.1236792642 0.2117698592 0.16967096556 0.23946937388 -0.75592283876 -0.95941379039
-1.1211887879 0.20423963825 0.16026282581 0.24904763032 -0.75302209439 -0.94081397484
-1.1186021937 0.19673840516 0.15104704604 0.25865941415 -0.7501233095 -0.9215779772
-1.1159191465 0.18926614032 0.14202998807 0.26830472534 -0.74722648407 -0.90170579746
-1.1131393108 0.18182282414 0.13321801371 0.27798356392 -0.74433161811 -0.88119743565
-1.1102623515 0.17440843702 0.12461748479 0.28769592987 -0.74143871162 -0.86005289174
-1.1072879333 0.16702295937 0.11623476313 0.2974418232 -0.7385477646 -0.83827216575
-1.1042157209 0.1596663716 0.10807621056 0.30722124391 -0.73565877704 -0.81585525767
-1.1010453789 0.15233865411 0.10014818888 0.31703419199 -0.73277174896 -0.7928021675
-1.0977765723 0.14503978731 0.09245705993 0.32688066744 -0.72988668034 -0.76911289524
-1.0944089656 0.1377697516 0.085009185521 0.33676067028 -0.72700357119 -0.74478744089
-1.0909422235 0.13052852738 0.077810927477 0.34667420049 -0.72412242152 -0.71982580446
-1.087376011 0.12331609507 0.070868647617 0.35662125807 -0.72124323131 -0.69422798594
-1.0837099925 0.11613243507 0.064188707764 0.36660184304 -0.71836600056 -0.66799398534
-1.079943833 0.10897752777 0.057777469738 0.37661595538 -0.71549072929 -0.64112380264
-1.076077197 0.1018513536 0.051641295359 0.38666359509 -0.71261741749 -0.61361743786
-1.0721097494 0.094753892946 0.045786546449 0.39674476218 -0.70974606515 -0.58547489099
-1.0680411548 0.087685126223 0.040219584829 0.40685945665 -0.70687667228 -0.55669616203
-1.0638710781 0.080645033834 0.034946772319 0.41700767849 -0.70400923888 -0.52728125098
-1.0595991838 0.073633596185 0.02997447074 0.42718942771 -0.70114376495 -0.49723015785
-1.0552251367 0.06665079368 0.025309041914 0.43740470431 -0.69828025049 -0.46654288263
-1.0507486017 0.059696606725 0.020956847661 0.44765350828 -0.6954186955 -0.43521942532
-1.0461692433 0.052771015725 0.016924249802 0.45793583963 -0.69255909997 -0.40325978592
-1.0414867263 0.045874001086 0.013217610157 0.46825169836 -0.68970146392 -0.37066396444
-1.0367007154 0.039005543213 0.0098432905486 0.47860108446 -0.68684578733 -0.33743196087
-1.0318108755 0.03216562251 0.0068076527965 0.48898399794 -0.68399207021 -0.30356377521
-1.0268168711 0.025354219385 0.0041170587219 0.4994004388 -0.68114031256 -0.26905940746
-1.021718367 0.018571314241 0.0017778701456 0.50985040703 -0.67829051438 -0.23391885763
-1.016515028 0.011816887484 -0.00020355111149 0.52033390263 -0.67544267567 -0.19814212571
-1.0112065187 0.00509091952 -0.0018208432284 0.53085092562 -0.67259679643 -0.1617292117
-1.005792504 -0.0016066092465 -0.0030676443844 0.54140147598 -0.66975287665 -0.1246801156
-1.0007180473 -0.0077490087745 -0.0038963406017 0.55114513429 -0.66713617959 -0.090006067812
-0.99510044651 -0.014391969008 -0.0044136910963 0.56176008107 -0.66429602339 -0.051735049462
-0.98937636096 -0.021006547275 -0.0045419695866 0.57240855522 -0.66145782666 -0.012827849025
-0.98354545539 -0.027592763169 -0.0042748142516 0.58309055675 -0.65862158939 0.0267155335
-0.97760739453 -0.034150636285 -0.0036058632705 0.59380608566 -0.6557873116 0.066895098112
-0.97156184311 -0.040680186217 -0.0025287548223 0.60455514194 -0.65295499327 0.10771084481
-0.96541962106 -0.047186649028 -0.0011036283182 0.61422220564 -0.65064628108 0.14251265042
-0.95918242131 -0.05367099276 0.00066378692993 0.62371997491 -0.64843437321 0.17674152481
-0.95285193681 -0.060134185457 0.0027677616097 0.63304844975 -0.64631926966 0.21039746798
-0.94642986051 -0.066577195161 0.005202566409 0.64220763015 -0.64430097042 0.24348047993
-0.93991788535 -0.073000989916 0.0079624720157 0.65119751612 -0.6423794755 0.27599056067
-0.93331770427 -0.079406537765 0.011041749118 0.66001810765 -0.6405547849 0.30792771018
-0.92663101022 -0.085794806751 0.014434668402 0.66866940475 -0.63882689862 0.33929192848
-0.91985949615 -0.092166764918 0.018135500558 0.67715140742 -0.63719581665 0.37008321556
-0.91300485499 -0.098523380308 0.022138516272 0.68546411565 -0.63566153901 0.40030157142
-0.9060687797 -0.10486562096 0.026437986233 0.69360752945 -0.63422406568 0.42994699607
-0.89905296321 -0.11119445493 0.031028181128 0.70158164881 -0.63288339667 0.4590194895
-0.89195909847 -0.11751085025 0.035903371645 0.70938647374 -0.63163953197 0.4875190517
-0.88478887843 -0.12381577497 0.041057828472 0.71702200424 -0.63049247159 0.51544568269
-0.87754399603 -0.13011019712 0.046485822296 0.7244882403 -0.62944221554 0.54279938247
-0.87022614421 -0.13639508476 0.052181623807 0.73178518193 -0.62848876379 0.56958015102
-0.86283701592 -0.14267140592 0.05813950369 0.73891282913 -0.62763211637 0.59578798836
-0.8553783041 -0.14894012866 0.064353732635 0.74587118189 -0.62687227326 0.62142289448
-0.84785170169 -0.155202221 0.070818581329 0.75266024022 -0.62620923448 0.64648486938
-0.84025890165 -0.161458651 0.077528320459 0.75928000411 -0.625643 0.67097391306
-0.83260159692 -0.1677103867 0.084477220715 0.76573047357 -0.62517356985 0.69489002552
-0.82488148043 -0.17395839614 0.091659552782 0.7720116486 -0.62480094402 0.71823320677
-0.81710024514 -0.18020364737 0.09906958735 0.77812352919 -0.6245251225 0.7410034568
-0.80925958399 -0.18644710842 0.10670159511 0.78406611535 -0.6243461053 0.76320077561
-0.80136118992 -0.19268974734 0.11454984674 0.78983940708 -0.62426389242 0.7848251632
-0.79340675587 -0.19893253218 0.12260861293 0.79544340437 -0.62427848385 0.80587661957
-0.7853979748 -0.20517643098 0.13087216438 0.80087810723 -0.6243898796 0.82635514473
-0.77733653964 -0.21142241177 0.13933477177 0.80614351565 -0.62459807967 0.84626073867
-0.76922414335 -0.21767144261 0.14799070578 0.81123962964 -0.62490308406 0.86559340139
-0.76106247885 -0.22392449154 0.15683423711 0.81616644919 -0.62530489277 0.88435313289
-0.75285323911 -0.2301825266 0.16585963644 0.82092397432 -0.62580350579 0.90253993318
-0.74459811706 -0.23644651583 0.17506117446 0.82551220501 -0.62639892313 0.92015380224
-0.73629880565 -0.24271742728 0.18443312187 0.82993114126 -0.62709114479 0.93719474009
-0.72795699782 -0.24899622899 0.19396974933 0.83418078308 -0.62788017077 0.95366274672
-0.71957438651 -0.255283889 0.20366532755 0.83826113047 -0.62876600106 0.96955782213
-0.71115266468 -0.26158137535 0.21351412722 0.84217218342 -0.62974863567 0.98487996633
-0.70269352526 -0.2678896561 0.22351041901 0.84591394194 -0.6308280746 0.9996291793
-0.6941986612 -0.27420969928 0.23364847362 0.84948640603 -0.63200431785 1.0138054611
-0.68566976544 -0.28054247293 0.24392256174 0.85288957568 -0.63327736542 1.0274088116
-0.67710853093 -0.28688894511 0.25432695405 0.85612345089 -0.6346472173 1.0404392309
-0.66851665062 -0.29325008384 0.26485592124 0.85918803168 -0.6361138735 1.052896719
-0.65989581744 -0.29962685718 0.275503734 0.86208331803 -0.63767733402 1.0647812759
-0.65124772434 -0.30602023317 0.28626466301 0.86480930994 -0.63933759885 1.0760929016
-0.64257406426 -0.31243117985 0.29713297897 0.86736600743 -0.641094668 1.086831596
-0.63387653016 -0.31886066526 0.30810295256 0.86975341048 -0.64294854148 1.0969973593
-0.62515681497 -0.32530965746 0.31916885448 0.87197151909 -0.64489921926 1.1065901913
-0.61641661163 -0.33177912447 0.3303249554 0.87402033327 -0.64694670137 1.1156100921
-0.6076576131 -0.33827003435 0.34156552601 0.87589985302 -0.64909098779 1.1240570617
-0.59888151232 -0.34478335513 0.35288483701 0.87761007833 -0.65133207853 1.1319311
-0.59009000223 -0.35132005487 0.36427715909 0.87915100921 -0.65366997359 1.1392322072
-0.58128477577 -0.3578811016 0.37573676292 0.88052264566 -0.65610467297 1.1459603831
-0.5724675259 -0.36446746337 0.38725791919 0.88172498767 -0.65863617666 1.1521156278
-0.56363994554 -0.37108010821 0.39883489861 0.88275803525 -0.66126448468 1.1576979413
-0.55480372766 -0.37772000418 0.41046197184 0.88362178839 -0.66398959701 1.1627073235
-0.54596056519 -0.38438811932 0.42213340959 0.8843162471 -0.66681151365 1.1671437746
-0.53711215107 -0.39108542167 0.43384348253 0.88484141138 -0.66973023462 1.1710072944
-0.52826017826 -0.39781287926 0.44558646136 0.88519728122 -0.6727457599 1.174297883
-0.5194063397 -0.40457146016 0.45735661677 0.88538385663 -0.6758580895 1.1770155404
-0.51055232832 -0.41136213239 0.46914821943 0.88540113761 -0.67906722342 1.1791602666
-0.50169983708 -0.41818586401 0.48095554005 0.88524912415 -0.68237316166 1.1807320616
-0.49285055892 -0.42504362305 0.4927728493 0.88492781625 -0.68577590421 1.1817309253
-0.48400618678 -0.43193637756 0.50459441788 0.88443721393 -0.68927545108 1.1821568578
-0.47516841361 -0.43886509559 0.51641451647 0.88377731717 -0.69287180227 1.1820098592
-0.46633893235 -0.44583074516 0.52822741577 0.88294812597 -0.69656495777 1.1812899292
-0.45751943594 -0.45283429434 0.54002738645 0.88194964035 -0.7003549176 1.1799970681
-0.44871161734 -0.45987671116 0.5518086992 0.88078186028 -0.70424168174 1.1781312758
-0.43991716948 -0.46695896366 0.56356562473 0.87944478579 -0.7082252502 1.1756925522
-0.43113778531 -0.47408201989 0.5752924337 0.87793841686 -0.71230562298 1.1726808974
-0.42237515778 -0.48124684789 0.58698339682 0.8762627535 -0.71648280007 1.1690963114
-0.41363097982 -0.4884544157 0.59863278476 0.8744177957 -0.72075678148 1.1649387942
-0.40490694439 -0.49570569138 0.61023486821 0.87240354347 -0.72512756721 1.1602083458
-0.39620474442 -0.50300164295 0.62178391788 0.8702199968 -0.72959515726 1.1549049661
-0.38752607286 -0.51034323847 0.63327420443 0.86786715571 -0.73415955163 1.1490286552
-0.37887262266 -0.51773144597 0.64469999856 0.86534502017 -0.73882075031 1.1425794132
-0.37024608676 -0.5251672335 0.65605557096 0.86265359021 -0.74357875331 1.1355572398
-0.3616481581 -0.53265156911 0.66733519231 0.85979286581 -0.74843356063 1.1279621353
-0.35308052963 -0.54018542083 0.67853313331 0.85676284697 -0.75338517226 1.1197940996
-0.34454489429 -0.54776975671 0.68964366463 0.85356353371 -0.75843358822 1.1110531326
-0.33604294503 -0.5554055448 0.70066105698 0.850194926 -0.76357880849 1.1017392344
-0.32757637479 -0.56309375313 0.71157958103 0.84665702387 -0.76882083308 1.091852405
-0.31914687652 -0.57083534975 0.72239350747 0.8429498273 -0.77415966198 1.0813926444
-0.31075614316 -0.5786313027 0.733097107 0.8390733363 -0.77959529521 1.0703599526
-0.30240586765 -0.58648258003 0.74368465029 0.83502755086 -0.78512773275 1.0587543295
-0.29409774294 -0.59439014977 0.75415040805 0.83081247099 -0.79075697461 1.0465757753
-0.28583346197 -0.60235497998 0.76448865094 0.82642809669 -0.79648302079 1.0338242898
-0.27761471769 -0.61037803869 0.77469364967 0.82187442795 -0.80230587128 1.0204998731
-0.26944320304 -0.61846029396 0.78475967493 0.81715146478 -0.80822552609 1.0066025251
-0.26132061097 -0.62660271381 0.79468099739 0.81225920717 -0.81424198522 0.99213224599
-0.25324863442 -0.63480626629 0.80445188774 0.80719765513 -0.82035524867 0.97708903563
-0.24522896634 -0.64307191946 0.81406661668 0.80196680866 -0.82656531644 0.96147289405
-0.23726329966 -0.65140064134 0.82351945489 0.79656666775 -0.83287218852 0.94528382126
-0.22935332733 -0.65979339999 0.83280467307 0.79099723241 -0.83927586492 0.92852181724
-0.22150074231 -0.66825116345 0.84191654189 0.78525850263 -0.84577634564 0.91118688201
-0.21370723752 -0.67677489976 0.85084933204 0.77935047843 -0.85237363068 0.89327901556
-0.20597450593 -0.68536557696 0.85959731422 0.77327315978 -0.85906772003 0.87479821789
-0.19830424046 -0.69402416309 0.86815475911 0.76702654671 -0.8658586137 0.855744489
-0.19069813407 -0.70275162621 0.8765159374 0.7606106392 -0.87274631169 0.8361178289
-0.18315787969 -0.71154893435 0.88467511978 0.75402543725 -0.879730814 0.81591823757
-0.17568517029 -0.72041705556 0.89262657693 0.74727094087 -0.88681212062 0.79514571503
-0.16828169878 -0.72935695787 0.90036457954 0.74034715006 -0.89399023156 0.77380026127
-0.16094915814 -0.73836960934 0.9078833983 0.73325406482 -0.90126514682 0.7518818763
-0.15368924128 -0.747455978 0.9151773039 0.72599168514 -0.9086368664 0.7293905601
-0.14650364117 -0.75661703191 0.92224056703 0.71856001103 -0.9161053903 0.70632631269
-0.13939405075 -0.76585373909 0.92906745837 0.71095904248 -0.92367071851 0.68268913406
-0.13236216295 -0.7751670676 0.93565224861 0.7031887795 -0.93133285104 0.65847902421
-0.12540967073 -0.78455798548 0.94198920844 0.69524922208 -0.93909178789 0.63369598314
-0.11853826703 -0.79402746077 0.94807260855 0.68714037023 -0.94694752905 0.60834001086
-0.11174964479 -0.80357646152 0.95389671963 0.67886222395 -0.95490007454 0.58241110735
-0.10504549696 -0.81320595576 0.95945581235 0.67041478324 -0.96294942434 0.55590927263
-0.098427516479 -0.82291691155 0.96474415742 0.66179804809 -0.97109557846 0.52883450669
-0.091897396294 -0.83271029691 0.96975602552 0.6530120185 -0.97933853689 0.50118680954
-0.085456829349 -0.84258707991 0.97448568733 0.64405669448 -0.98767829965 0.47296618116
-0.079107508589 -0.85254822858 0.97892741354 0.63493207603 -0.99611486672 0.44417262157
-0.072851126957 -0.86259471096 0.98307547485 0.62563816315 -1.0046482381 0.41480613076
-0.066689377399 -0.8727274951 0.98692414194 0.61617495583 -1.0132784138 0.38486670873
-0.060623952858 -0.88294754904 0.99046768549 0.60654245408 -1.0220053938 0.35435435548
-0.054656546279 -0.89325584082 0.9937003762 0.59674065789 -1.0308291782 0.32326907102
-0.048788850607 -0.90365333849 0.99661648476 0.58676956727 -1.0397497668 0.29161085533
-0.043022558784 -0.91414101008 0.99921028184 0.57662918221 -1.0487671598 0.25937970843
-0.037359363757 -0.92471982366 1.0014760381 0.56631950273 -1.0578813571 0.22657563031
-0.031800958469 -0.93539074724 1.0034080244 0.5558405288 -1.0670923587 0.19319862098
-0.026349035865 -0.94615474889 1.0050005112 0.54519226045 -1.0764001647 0.15924868042
-0.021005288888 -0.95701279664 1.0062477692 0.53437469766 -1.0858047749 0.12472580865
-0.015771410484 -0.96796585853 1.0071440693 0.52338784044 -1.0953061895 0.089630005655
-0.010649093596 -0.97901490262 1.007683682 0.51223168878 -1.1049044084 0.053961271446
-0.005640031169 -0.99016089693 1.0078608781 0.50090624269 -1.1145994316 0.017719606018
-0.00074591614742 -1.0014048095 1.0076699282 0.48941150216 -1.1243912591 -0.019094990627
0.0021838653993 -1.0082707892 1.0074164237 0.48234693762 -1.1303860846 -0.041735911467
0.0068896661293 -1.0196741244 1.0066217093 0.470580073 -1.1403335155 -0.079471438494
0.011476105269 -1.0311779019 1.0054439103 0.45864391395 -1.1503777508 -0.11777989674
0.015941489873 -1.0427830898 1.0038772975 0.44653846046 -1.1605187903 -0.1566612862
0.020284126999 -1.0544906562 1.0019161414 0.43426371254 -1.1707566342 -0.19611560688
0.024502323701 -1.066301569 0.99955471283 0.42181967019 -1.1810912823 -0.23614285878
0.028594387035 -1.0782167963 0.99678728241 0.40920633341 -1.1915227348 -0.2767430419
0.032575552192 -1.0902067603 0.99368497265 0.39811651574 -1.1989964022 -0.31023097657
0.036446730557 -1.1022677297 0.99025387757 0.3871178365 -1.2060969371 -0.34310950712
0.040208833514 -1.1143959731 0.98650009124 0.37621029568 -1.2128243395 -0.37537863355
0.043862772447 -1.1265877592 0.98242970768 0.36539389328 -1.2191786093 -0.40703835587
0.04740945874 -1.1388393567 0.97804882094 0.35466862931 -1.2251597467 -0.43808867407
0.050849803778 -1.1511470342 0.97336352506 0.34403450375 -1.2307677515 -0.46852958816
0.054184718944 -1.1635070604 0.96837991408 0.33349151662 -1.2360026238 -0.49836109813
0.057415115623 -1.1759157041 0.96310408204 0.3230396679 -1.2408643636 -0.52758320398
0.060541905199 -1.1883692338 0.95754212298 0.31267895761 -1.2453529709 -0.55619590572
0.063565999056 -1.2008639182 0.95170013095 0.30240938574 -1.2494684457 -0.58419920335
0.066488308579 -1.2133960261 0.94558419998 0.29223095229 -1.2532107879 -0.61159309685
0.069309745152 -1.2259618261 0.93920042412 0.28214365726 -1.2565799977 -0.63837758624
0.072031220158 -1.2385575868 0.9325548974 0.27214750065 -1.2595760749 -0.66455267152
0.074653644983 -1.251179577 0.92565371387 0.26224248247 -1.2621990196 -0.69011835268
0.07717793101 -1.2638240653 0.91850296758 0.2524286027 -1.2644488318 -0.71507462973
0.079604989624 -1.2764873205 0.91110875255 0.24270586136 -1.2663255115 -0.73942150265
0.081935732208 -1.289165611 0.90347716283 0.23307425843 -1.2678290587 -0.76315897147
0.084171070147 -1.3018552058 0.89561429247 0.22353379393 -1.2689594733 -0.78628703616
0.086311914826 -1.3145523733 0.88752623551 0.21408446785 -1.2697167555 -0.80880569674
0.088359177628 -1.3272533824 0.87921908597 0.20472628019 -1.2701009051 -0.83071495321
0.090313769937 -1.3399545016 0.87069893792 0.19545923096 -1.2701119222 -0.85201480556
0.092176603139 -1.3526519997 0.86197188538 0.18628332014 -1.2697498068 -0.87270525379
0.093948588616 -1.3653421453 0.8530440224 0.17719854774 -1.2690145589 -0.89278629791
0.095630637754 -1.378021207 0.84392144302 0.16820491377 -1.2679061784 -0.91225793791
0.097223661936 -1.3906854537 0.83461024128 0.15930241822 -1.2664246655 -0.9311201738
0.098728572547 -1.4033311539 0.82511651123 0.15049106109 -1.26457002 -0.94937300557
0.10014628097 -1.4159545763 0.8154463469 0.14177084238 -1.262342242 -0.96701643322
0.10147769859 -1.4285519896 0.80560584233 0.13314176209 -1.2597413315 -0.98405045676
0.10272373679 -1.4411196625 0.79560109157 0.12460382022 -1.2567672885 -1.0004750762
0.10388530696 -1.4536538637 0.78543818865 0.11615701677 -1.253420113 -1.0162902915
0.10496332048 -1.4661508617 0.77512322762 0.10780135175 -1.249699805 -1.0314961027
0.10595868873 -1.4786069253 0.76466230253 0.099536825142 -1.2456063644 -1.0460925098
0.1068723231 -1.4910183233 0.7540615074 0.091363436959 -1.2411397914 -1.0600795127
0.10770513497 -1.5033813241 0.74332693628 0.083281187197 -1.2363000858 -1.0734571116
0.10845803573 -1.5156921966 0.73246468322 0.075290075857 -1.2310872477 -1.0862253063
0.10913193676 -1.5279472094 0.72148084225 0.067390102937 -1.2255012771 -1.0983840969
0.10972774944 -1.5401426311 0.71038150742 0.059581268439 -1.2195421739 -1.1099334834
0.11024638517 -1.5522747305 0.69917277276 0.051863572362 -1.2132099383 -1.1208734658
0.11068875531 -1.5643397762 0.68786073232 0.044237014707 -1.2065045701 -1.131204044
0.11105577127 -1.5763340369 0.67645148014 0.036701595472 -1.1994260695 -1.1409252182
0.11134834442 -1.5882537812 0.66495111026 0.029257314659 -1.1919744363 -1.1500369882
0.11156738614 -1.600095278 0.65336571671 0.021904172267 -1.1841496706 -1.1585393541
0.11171380782 -1.6118547957 0.64170139355 0.014642168296 -1.1759517724 -1.1664323159
0.11178852085 -1.6235286031 0.62996423482 0.0074713027464 -1.1673807417 -1.1737158736
0.11179243661 -1.6351129689 0.61816033455 0.00039157561805 -1.1584365784 -1.1803900272
0.11172646647 -1.6466041617 0.60629578678 -0.0065970130891 -1.1491192827 -1.1864547767
0.11159152184 -1.6579984502 0.59437668556 -0.013494463375 -1.1394288544 -1.191910122
0.11138851409 -1.6692921032 0.58240912493 -0.02030077524 -1.1293652936 -1.1967560632
0.1111183546 -1.6804813892 0.57039919892 -0.027015948683 -1.1189286003 -1.2009926003
0.11078195476 -1.6915625769 0.55835300159 -0.033639983705 -1.1081187745 -1.2046197333
0.11038022596 -1.7025319351 0.54627662697 -0.040172880306 -1.0969358162 -1.2076374622
0.10991407958 -1.7133857323 0.5341761691 -0.046614638486 -1.0853797253 -1.210045787
0.10938442699 -1.7241202374 0.52205772202 -0.052965258245 -1.073450502 -1.2118447076
0.1087921796 -1.7347317188 0.50992737978 -0.059224739582 -1.0611481461 -1.2130342241
0.10813824877 -1.7452164454 0.49779123642 -0.065393082498 -1.0484726577 -1.2136143365
0.1074235459 -1.7555706858 0.48565538597 -0.071470286993 -1.0354240368 -1.2135850448
0.10664898237 -1.7657907086 0.47352592248 -0.077456353067 -1.0220022834 -1.212946349
0.10581546957 -1.7758727826 0.46140893999 -0.083351280719 -1.0082073974 -1.2116982491
0.10492391887 -1.7858131764 0.44931053254 -0.08915506995 -0.994039379 -1.209840745
0.10397524166 -1.7956081587 0.43723679417 -0.09486772076 -0.97949822804 -1.2073738369
0.10297034933 -1.8052539981 0.42519381892 -0.10048923315 -0.96458394457 -1.2042975246
0.10191015326 -1.8147469634 0.41318770084 -0.10601960712 -0.94929652858 -1.2006118082
0.10079556483 -1.8240833232 0.40122453396 -0.11145884266 -0.93363598007 -1.1963166877
0.099627495431 -1.8332593462 0.38931041233 -0.11680693979 -0.91760229905 -1.191412163
0.098406856446 -1.842271301 0.37745142999 -0.12206389849 -0.90119548552 -1.1858982343
0.097134559259 -1.8511154564 0.36565368098 -0.12722971877 -0.88441553947 -1.1797749014
0.095811515252 -1.859788081 0.35392325933 -0.13230440064 -0.86726246091 -1.1730421644
0.094438635811 -1.8682854435 0.3422662591 -0.13728794408 -0.84973624983 -1.1657000234
0.093016832321 -1.8766038126 0.33068877432 -0.14218034909 -0.83183690624 -1.1577484781
0.091547016164 -1.8847394569 0.31919689903 -0.14698161569 -0.81356443013 -1.1491875288
0.090030098725 -1.8926886451 0.30779672728 -0.15169174387 -0.79491882151 -1.1400171754
0.088466991389 -1.9004476459 0.2964943531 -0.15631073362 -0.77590008038 -1.1302374178
0.086858605539 -1.908012728 0.28529587054 -0.16083858496 -0.75650820673 -1.1198482562
0.08520585256 -1.91538016 0.27420737363 -0.16527529787 -0.73674320056 -1.1088496904
0.083509643837 -1.9225462106 0.26323495643 -0.16962087236 -0.71660506188 -1.0972417205
0.081770890752 -1.9295071485 0.25238471296 -0.17387530843 -0.69609379069 -1.0850243464
0.079990504692 -1.9362592424 0.24166273728 -0.17803860608 -0.67520938698 -1.0721975683
0.078169397038 -1.9427987609 0.23107512342 -0.18211076531 -0.65395185076 -1.0587613861
0.076308479177 -1.9491219727 0.22062796542 -0.18609178612 -0.63232118202 -1.0447157997
0.074408662492 -1.9552251465 0.21032735733 -0.1899816685 -0.61031738077 -1.0300608092
0.072470858368 -1.961104551 0.20017939319 -0.19378041247 -0.587940447 -1.0147964146
0.070495978187 -1.9667564548 0.19019016703 -0.19748801801 -0.56519038072 -0.99892261589
0.068484933336 -1.9721771266 0.1803657729 -0.20110448513 -0.54206718192 -0.98243941306
0.066438635198 -1.9773628351 0.17071230483 -0.20462981383 -0.51857085061 -0.96534680611
0.064357995157 -1.982309849 0.16123585688 -0.20806400411 -0.49470138678 -0.94764479505
0.062243924597 -1.9870144369 0.15194252309 -0.21140705597 -0.47045879044 -0.92933337987
0.060097334903 -1.9914728675 0.14283839748 -0.21465896941 -0.44584306159 -0.91041256058
0.057919137459 -1.9956814095 0.13392957411 -0.21781974442 -0.42085420022 -0.89088233717
0.055710243649 -1.9996363316 0.12522214701 -0.22088938102 -0.39549220634 -0.87074270964
0.053471564857 -2.0033339024 0.11672221023 -0.22386787919 -0.36975707994 -0.849993678
0.051204012467 -2.0067703906 0.10843585781 -0.22675523894 -0.34364882103 -0.82863524225
0.048908497865 -2.0099420649 0.10036918379 -0.22955146027 -0.3171674296 -0.80666740237
0.046585932433 -2.0128451939 0.092528282201 -0.23225654318 -0.29031290566 -0.78409015838
0.044237227556 -2.0154760464 0.084919247098 -0.23487048767 -0.2630852492 -0.76090351028
0.041863294619 -2.017830891 0.077548172518 -0.23739329374 -0.23548446023 -0.73710745806
0.039465045005 -2.0199059964 0.070421152501 -0.23982496138 -0.20751053874 -0.71270200172
0.037043390099 -2.0216976313 0.063544281088 -0.24216549061 -0.17916348474 -0.68768714127
0.034599241285 -2.0232020642 0.056923652321 -0.24441488141 -0.15044329823 -0.66206287671
0.032133509947 -2.024415564 0.050565360241 -0.24657313379 -0.1213499792 -0.63582920802
0.029647107469 -2.0253343993 0.044475498888 -0.24864024776 -0.091883527651 -0.60898613522
0.027140945236 -2.0259548388 0.038660162305 -0.2506162233 -0.062043943592 -0.58153365831
0.024615934632 -2.026273151 0.033125444533 -0.25250106041 -0.031831227019 -0.55347177728
0.022072987041 -2.0262856048 0.027877439611 -0.25429475911 -0.0012453779303 -0.52480049213
0.019513013847 -2.0259884688 0.022922241583 -0.25599731939 0.029713603673 -0.49551980287
0.016936926435 -2.0253780116 0.018265944488 -0.25760874124 0.06104571779 -0.46562970949
0.014345636188 -2.0244505019 0.013914642368 -0.25912902468 0.092750964422 -0.435130212
0.011740054491 -2.0232022085 0.0098744292639 -0.26055816969 0.12482934357 -0.40402131039
0.0091210927281 -2.0216294 0.0061513992173 -0.26189617628 0.15728085523 -0.37230300466
0.0064896622836 -2.019728345 0.0027516462691 -0.26314304445 0.19010549941 -0.33997529482
0.0038466745417 -2.0174953122 -0.00031873553955 -0.2642987742 0.2233032761 -0.30703818086
0.0011930408864 -2.0149265703 -0.0030536521674 -0.26536336553 0.2568741853 -0.27349166279
-0.0014703272979 -2.0120183881 -0.0054470095734 -0.26633681843 0.29081822702 -0.2393357406
-0.0039300311086 -2.0090500066 -0.007356097031 -0.26715250216 0.32240082432 -0.20734914867
-0.0066095401531 -2.0054793912 -0.0090763244008 -0.26795090445 0.35706154595 -0.17202273699
-0.0092961218364 -2.0015584372 -0.010437193613 -0.26865816832 0.39209540009 -0.13608692119
-0.011988864774 -1.9972834133 -0.011432610625 -0.26927429377 0.42750238675 -0.099541701275
-0.014686857582 -1.9926505882 -0.012056481398 -0.2697992808 0.46328250593 -0.062387077245
-0.017389188876 -1.9876562306 -0.012302711889 -0.27023312941 0.49943575762 -0.0246230491
-0.020094947272 -1.9822966092 -0.012165208057 -0.2705758396 0.53596214182 0.013750383162
-0.022803221386 -1.9765679926 -0.011637875862 -0.27082741136 0.57286165854 0.052733219539
-0.025513332334 -1.9705262207 -0.010795642665 -0.27101109485 0.60417719359 0.084223319688
-0.028224399734 -1.9641755049 -0.0096432172793 -0.27110673994 0.63507157927 0.11524253857
-0.0309355432 -1.9575200568 -0.0081853085174 -0.27111434662 0.66554481557 0.14579087619
-0.033645882349 -1.9505640877 -0.0064266251918 -0.2710339149 0.69559690249 0.17586833255
-0.036354536797 -1.9433118093 -0.0043718761154 -0.27086544478 0.72522784003 0.20547490765
-0.039060626159 -1.9357674331 -0.0020257701006 -0.27060893626 0.7544376282 0.23461060148
-0.041763270053 -1.9279351704 0.0006069840399 -0.27026438933 0.78322626699 0.26327541405
-0.044461588093 -1.9198192328 0.0035216774934 -0.26983180401 0.81159375641 0.29146934535
-0.047154699896 -1.9114238319 0.0067136014474 -0.26931118028 0.83954009645 0.31919239539
-0.049841725077 -1.902753179 0.010178047089 -0.26870251815 0.86706528711 0.34644456417
-0.052521783253 -1.8938114857 0.013910305606 -0.26800581762 0.89416932839 0.37322585169
-0.05519399404 -1.8846029635 0.017905668185 -0.26722107868 0.9208522203 0.39953625794
-0.057857477054 -1.8751318239 0.022159426015 -0.26634830135 0.94711396284 0.42537578292
-0.06051135191 -1.8654022783 0.026666870281 -0.26538748561 0.97295455599 0.45074442665
-0.063154738224 -1.8554185383 0.031423292172 -0.26433863147 0.99837399977 0.47564218911
-0.065786755613 -1.8451848154 0.036423982875 -0.26320173892 1.0233722942 0.50006907031
-0.068406523693 -1.834705321 0.041664233578 -0.26197680798 1.0479494392 0.52402507024
-0.07101316208 -1.8239842666 0.047139335467 -0.26066383863 1.0721054349 0.54751018891
-0.073605790388 -1.8130258638 0.05284457973 -0.25926283088 1.0958402811 0.57052442632
-0.076183528236 -1.801834324 0.058775257554 -0.25777378473 1.119153978 0.59306778246
-0.078745495238 -1.7904138588 0.064926660128 -0.25619670018 1.1420465255 0.61514025734
-0.08129081101 -1.7787686795 0.071294078637 -0.25453157722 1.1645179237 0.63674185096
-0.083818595168 -1.7669029978 0.07787280427 -0.25277841587 1.1865681725 0.65787256331
-0.086327967329 -1.7548210251 0.084658128214 -0.25093721611 1.2081972719 0.6785323944
-0.088818047109 -1.7425269729 0.091645341657 -0.24900797795 1.2294052219 0.69872134423
-0.091287954123 -1.7300250527 0.098829735785 -0.24699070138 1.2501920225 0.71843941279
-0.093736807987 -1.7173194759 0.10620660179 -0.24488538642 1.2705576738 0.73768660009
-0.096163728317 -1.7044144542 0.11377123085 -0.24269203305 1.2905021757 0.75646290612
-0.09856783473 -1.6913141989 0.12151891416 -0.24041064128 1.3100255282 0.7747683309
-0.10094824684 -1.6780229216 0.1294449429 -0.23804121111 1.3291277313 0.79260287441
-0.10330408427 -1.6645448337 0.13754460827 -0.23558374254 1.3478087851 0.80996653665
-0.10563446662 -1.6508841468 0.14581320144 -0.23303823556 1.3660686894 0.82685931763
-0.10793851352 -1.6370450724 0.15424601362 -0.23040469018 1.3839074444 0.84328121735
-0.11021534459 -1.6230318219 0.16283833597 -0.2276831064 1.4013250501 0.85923223581
-0.11246407943 -1.6088486068 0.1715854597 -0.22487348422 1.4183215063 0.874712373
-0.11468383767 -1.5944996387 0.18048267599 -0.22197582364 1.4348968132 0.88972162893
-0.11687373891 -1.579989129 0.18952527603 -0.21899012465 1.4510509707 0.90426000359
-0.11903290279 -1.5653212892 0.198708551 -0.21591638726 1.4667839788 0.918327497
-0.1211604489 -1.5505003308 0.20802779209 -0.21275461147 1.4820958375 0.93192410913
-0.12325549687 -1.5355304653 0.21747829049 -0.20950479728 1.4969865469 0.94504984001
-0.12531716632 -1.5204159043 0.22705533739 -0.20616694469 1.5114561069 0.95770468962
-0.12734457686 -1.5051608591 0.23675422397 -0.20274105369 1.5255045175 0.96988865797
-0.1293368481 -1.4897695413 0.24657024142 -0.19922712429 1.5391317788 0.98160174505
-0.13129309967 -1.4742461624 0.25649868093 -0.19562515649 1.5523378906 0.99284395087
-0.13321245117 -1.4585949339 0.26653483368 -0.19193515029 1.5651228531 1.0036152754
-0.13509402222 -1.4428200672 0.27667399087 -0.18815710569 1.5774866662 1.0139157187
-0.13693693245 -1.4269257739 0.28691144368 -0.18429102268 1.58942933 1.0237452808
-0.13874030146 -1.4109162655 0.29724248329 -0.18033690127 1.6009508443 1.0331039615
-0.14050324888 -1.3947957534 0.3076624009 -0.17629474146 1.6120512093 1.041991761
-0.14222489431 -1.3785684491 0.31816648769 -0.17216454325 1.6227304249 1.0504086793
-0.14390435738 -1.3622385642 0.32875003486 -0.16794630664 1.6329884911 1.0583547162
-0.14554075769 -1.3458103101 0.33940833358 -0.16364003162 1.642825408 1.065829872
-0.14713321488 -1.3292878984 0.35013667504 -0.1592457182 1.6522411754 1.0728341464
-0.14868084854 -1.3126755404 0.36093035044 -0.15476336638 1.6612357935 1.0793675396
-0.1501827783 -1.2959774478 0.37178465095 -0.15019297616 1.6698092623 1.0854300515
-0.15163812378 -1.279197832 0.38269486777 -0.14553454753 1.6779615816 1.0910216822
-0.15304600458 -1.2623409045 0.39365629209 -0.14078808051 1.6856927516 1.0961424316
-0.15440554033 -1.2454108768 0.40466421509 -0.13595357508 1.6930027722 1.1007922997
-0.15571585065 -1.2284119603 0.41571392795 -0.13103103125 1.6998916434 1.1049712866
-0.15697605514 -1.2113483667 0.42680072187 -0.12602044902 1.7063593652 1.1086793922
-0.15818527342 -1.1942243073 0.43791988804 -0.12092182838 1.7124059377 1.1119166165
-0.15934262511 -1.1770439937 0.44906671763 -0.11573516934 1.7180313608 1.1146829596
-0.16044722983 -1.1598116374 0.46023650185 -0.1104604719 1.7232356345 1.1169784214
-0.16149820719 -1.1425314498 0.47142453187 -0.10509773606 1.7280187588 1.118803002
-0.16249467681 -1.1252076424 0.48262609888 -0.099646961821 1.7323807338 1.1201567013
-0.1634357583 -1.1078444268 0.49383649407 -0.094108149176 1.7363215593 1.1210395193
-0.16432057128 -1.0904460145 0.50505100863 -0.088481298129 1.7398412355 1.121451456
-0.16514823537 -1.0730166169 0.51626493375 -0.08276640868 1.7429397624 1.1213925115
-0.16591787018 -1.0555604455 0.52747356061 -0.076963480829 1.7456171398 1.1208626858
-0.16662859532 -1.0380817118 0.53867218039 -0.071072514575 1.7478733679 1.1198619788
-0.16727953042 -1.0205846273 0.5498560843 -0.06509350992 1.7497084466 1.1183903905
-0.16786979509 -1.0030734036 0.56102056351 -0.059026466863 1.7511223759 1.1164479209
-0.16839850895 -0.985552252 0.57216090921 -0.052871385403 1.7521151559 1.1140345701
-0.1688647916 -0.96802538413 0.58327241259 -0.046628265542 1.7526867864 1.111150338
-0.16926776267 -0.95049701146 0.59435036484 -0.040297107279 1.7528372676 1.1077952247
-0.16960654178 -0.93297134546 0.60539005714 -0.033877910613 1.7525665994 1.1039692301
-0.16988024854 -0.91545259764 0.61638678068 -0.027370675546 1.7518747819 1.0996723542
-0.17008800256 -0.89794497949 0.62733582665 -0.020775402076 1.7507618149 1.094904597
-0.17022892346 -0.88045270251 0.63823248624 -0.014092090205 1.7492276986 1.0896659586
-0.17030213086 -0.86297997818 0.64907205063 -0.0073207399311 1.7472724329 1.083956439
-0.17030674437 -0.845531018 0.65984981101 -0.00046135125541 1.7448960179 1.0777760381
-0.17024188361 -0.82811003347 0.67056105856 0.0064860758223 1.7420984534 1.0711247559
-0.1701066682 -0.81072123607 0.68120108449 0.013521541302 1.7388797396 1.0640025924
-0.16990021775 -0.79336883731 0.69176517997 0.020645045184 1.7352398764 1.0564095477
-0.16962165187 -0.77605704867 0.70224863618 0.027856587468 1.7311788638 1.0483456217
-0.16927009019 -0.75879008165 0.71264674433 0.035156168154 1.7266967019 1.0398108145
-0.16884465232 -0.74157214774 0.72295479559 0.042543787241 1.7217933905 1.030805126
-0.16834445787 -0.72440745845 0.73316808115 0.050019444731 1.7164689298 1.0213285562
-0.16776862647 -0.70730022525 0.7432818922 0.057583140623 1.7107233198 1.0113811052
-0.16711627772 -0.69025465964 0.75329151993 0.065234874918 1.7045565603 1.0009627729
-0.16638653124 -0.67327497313 0.76319225552 0.072974647614 1.6979686515 0.99007355931
-0.16557850665 -0.6563653772 0.77297939017 0.080802458712 1.6909595933 0.97871346449
-0.16469132357 -0.63953008334 0.78264821505 0.088718308212 1.6835293857 0.9668824884
-0.16372410161 -0.62277330305 0.79219402136 0.096722196114 1.6756780287 0.95458063105
-0.16267596039 -0.60609924783 0.80161210029 0.10481412242 1.6674055224 0.94180789243
-0.16154601951 -0.58951212916 0.81089774301 0.11299408712 1.6587118667 0.92856427256
-0.16033339861 -0.57301615855 0.82004624073 0.12126209023 1.6495970616 0.91484977142
-0.15903721729 -0.55661554748 0.82905288462 0.12961813174 1.6400611071 0.90066438901
-0.15765659518 -0.54031450744 0.83791296587 0.13806221166 1.6301040033 0.88600812534
-0.15619065188 -0.52411724994 0.84662177567 0.14659432997 1.61972575 0.87088098041
-0.15463850701 -0.50802798647 0.85517460522 0.15521448669 1.6089263474 0.85528295422
-0.15299928019 -0.49205092851 0.86356674568 0.16392268181 1.5977057955 0.83921404676
-0.15127209104 -0.47619028757 0.87179348826 0.17271891533 1.5860640941 0.82267425804
-0.14945605917 -0.46045027514 0.87985012414 0.18160318725 1.5740012434 0.80566358805
-0.14755030419 -0.44483510271 0.88773194451 0.19057549757 1.5615172433 0.7881820368
-0.14555394573 -0.42934898177 0.89543424056 0.1996358463 1.5486120938 0.77022960429
-0.14346610339 -0.41399612382 0.90295230346 0.20878423343 1.535285795 0.75180629052
-0.1412858968 -0.39878074035 0.91028142442 0.21802065896 1.5215383467 0.73291209548
-0.13901244558 -0.38370704286 0.91741689461 0.22734512289 1.5073697491 0.71354701918
-0.13664486932 -0.36877924284 0.92435400522 0.23675762523 1.4927800021 0.69371106161
-0.13418228766 -0.35400155178 0.93108804745 0.24625816596 1.4777691058 0.67340422278
-0.13162382021 -0.33937818118 0.93761431248 0.2558467451 1.46233706 0.65262650269
-0.12896858659 -0.32491334253 0.94392809149 0.26552336264 1.4464838649 0.63137790133
-0.1262157064 -0.31061124733 0.95002467568 0.27528801859 1.4302095204 0.60965841871
-0.12336429927 -0.29647610706 0.95589935623 0.28514071293 1.4135140266 0.58746805483
-0.12041348481 -0.28251213323 0.96154742432 0.29508144568 1.3963973833 0.56480680968
-0.11736238265 -0.26872353732 0.96696417116 0.30511021683 1.3788595907 0.54167468328
-0.11421011238 -0.25511453083 0.97214488791 0.31522702638 1.3609006487 0.5180716756
-0.11095579364 -0.24168932526 0.97708486578 0.32543187433 1.3425205573 0.49399778667
-0.10759854603 -0.2284521321 0.98177939594 0.33572476069 1.3237193166 0.46945301647
-0.10413748918 -0.21540716283 0.98622376959 0.34610568545 1.3044969264 0.444437365
-0.10057174269 -0.20255862896 0.99041327792 0.35657464861 1.2848533869 0.41895083228
-0.09690042619 -0.18991074198 0.9943432121 0.36713165017 1.2647886981 0.39299341829
-0.093122659289 -0.17746771338 0.99800886333 0.37777669013 1.2443028598 0.36656512303
-0.089237561604 -0.16523375466 1.0014055228 0.3885097685 1.2233958722 0.33966594651
-0.085244252751 -0.15321307731 1.0045284817 0.39933088526 1.2020677352 0.31229588873
-0.081141852347 -0.14140989282 1.0073730312 0.41024004043 1.1803184488 0.28445494969
-0.076929480007 -0.12982841269 1.0099344625 0.42123723401 1.158148013 0.25614312938
-0.072606255347 -0.11847284841 1.0122080668 0.43232246598 1.1355564279 0.22736042781
-0.068171297983 -0.10734741148 1.0141891352 0.44349573636 1.1125436934 0.19810684498
-0.063623727532 -0.096456313384 1.015872959 0.45475704513 1.0891098095 0.16838238088
-0.058962663609 -0.085803765622 1.0172548294 0.46610639231 1.0652547762 0.13818703552
-0.05418722583 -0.075393979687 1.0183300375 0.4775437779 1.0409785936 0.10752080889
-0.049296533811 -0.065231167071 1.0190938745 0.48906920188 1.0162812615 0.076383701007
-0.044289707169 -0.05531953927 1.0195416316 0.50068266427 0.99116278014 0.044775711855
-0.039165865518 -0.045663307776 1.0196686 0.51238416505 0.96562314937 0.01269684144
-0.033924128476 -0.036266684084 1.0194700709 0.52417370424 0.93966236922 -0.019852910238
-0.028563615657 -0.027133879687 1.0189413355 0.53605128184 0.91328043969 -0.05287354318
-0.023083446679 -0.018269106079 1.0180776849 0.54801689783 0.88647736079 -0.086365057385
-0.017482741157 -0.0096765747541 1.0168744104 0.56007055223 0.85925313251 -0.12032745285
-0.011760618706 -0.0013604972056 1.0153268031 0.57221224502 0.83160775485 -0.15476072959
-0.0059161989442 0.0066749150726 1.0134301542 0.58444197622 0.80354122782 -0.18966488758
-0.0027549647783 0.010891659806 1.0123147854 0.59101953045 0.78835618047 -0.2085276484
